------------------------ Test data for 2022/05/10 20:34:13 ------------------------
:::::::::::::::::::::::::::
[  1  -2  -2]
[ -2   7  10]
[-17   4 -17] 

[ 1 -2 -2]
[ 2 -1  2]
[-2 -2  1] 

[ 1  0  0]
[-4  1  0]
[ 1 -8  1] 

:::::::::::::::::::::::::::
[  7  -4  -4]
[ 17 -11 -20]
[ 19   2  11] 

[ 7 -4 -4]
[-4  1 -8]
[ 4  8 -1] 

[ 1  0  0]
[ 3  1  0]
[ 1 -2  1] 

:::::::::::::::::::::::::::
[-2  3  6]
[-9  3 20]
[ 8 16 11] 

[-2  3  6]
[-3 -6  2]
[ 6 -2  3] 

[ 1  0  0]
[ 3  1  0]
[ 2 -2  1] 

:::::::::::::::::::::::::::
[  6   2   3]
[ 16   3  15]
[ -1  -5 -11] 

[ 6  2  3]
[-2 -3  6]
[ 3 -6 -2] 

[ 1  0  0]
[ 3  1  0]
[-1 -1  1] 

:::::::::::::::::::::::::::
[ 7 -6  6]
[13 -8 -3]
[ 7  5 17] 

[ 7 -6  6]
[ 6 -2 -9]
[ 6  9  2] 

[ 1  0  0]
[ 1  1  0]
[ 1 -1  1] 

:::::::::::::::::::::::::::
[  2  -3  -6]
[  4   1   9]
[-17  -6 -19] 

[ 2 -3 -6]
[ 6 -2  3]
[-3 -6  2] 

[ 1  0  0]
[-1  1  0]
[ 2 -3  1] 

:::::::::::::::::::::::::::
[  9   2  -6]
[  7  -7 -12]
[  1  -1 -19] 

[ 9  2 -6]
[-2 -9 -6]
[-6  6 -7] 

[1 0 0]
[1 1 0]
[1 1 1] 

:::::::::::::::::::::::::::
[ 9 -6  2]
[-3 13 -8]
[17  7  5] 

[ 9 -6  2]
[ 6  7 -6]
[ 2  6  9] 

[ 1  0  0]
[-1  1  0]
[ 1  1  1] 

:::::::::::::::::::::::::::
[ -7   4   4]
[-10  16   7]
[-15  -3  -3] 

[-7  4  4]
[ 4  8 -1]
[-4  1 -8] 

[ 1  0  0]
[ 2  1  0]
[ 1 -1  1] 

:::::::::::::::::::::::::::
[ -8  -4   1]
[ 20   1   2]
[-13 -11  14] 

[-8 -4  1]
[ 4 -7  4]
[-1  4  8] 

[ 1  0  0]
[-2  1  0]
[ 2  1  1] 

:::::::::::::::::::::::::::
[ 1  2  2]
[ 1  8  5]
[-6 15  6] 

[ 1  2  2]
[-2  2 -1]
[-2 -1  2] 

[1 0 0]
[3 1 0]
[4 4 1] 

:::::::::::::::::::::::::::
[  1  -2   2]
[  7 -11   8]
[-17  19   5] 

[ 1 -2  2]
[ 2 -1 -2]
[ 2  2  1] 

[ 1  0  0]
[ 5  1  0]
[-5 -7  1] 

:::::::::::::::::::::::::::
[ -3   2  -6]
[ -3  -5   8]
[-14   7  -7] 

[-3  2 -6]
[-6 -3  2]
[-2  6  3] 

[ 1  0  0]
[-1  1  0]
[ 2  1  1] 

:::::::::::::::::::::::::::
[  2  -2  -1]
[  8 -11  -7]
[  3  12   9] 

[ 2 -2 -1]
[-2 -1 -2]
[ 1  2 -2] 

[ 1  0  0]
[ 5  1  0]
[-3 -4  1] 

:::::::::::::::::::::::::::
[  6   6  -7]
[ -3 -14  20]
[-19 -19   2] 

[ 6  6 -7]
[ 9 -2  6]
[ 2 -9 -6] 

[ 1  0  0]
[-2  1  0]
[-2 -1  1] 

:::::::::::::::::::::::::::
[ -7  -4   4]
[ 17  20 -11]
[ 14  -1 -17] 

[-7 -4  4]
[-4  8  1]
[-4 -1 -8] 

[ 1  0  0]
[-3  1  0]
[-2 -1  1] 

:::::::::::::::::::::::::::
[  1  -2   2]
[ -1  -1   4]
[ 15 -15  -9] 

[ 1 -2  2]
[-2  1  2]
[-2 -2 -1] 

[ 1  0  0]
[ 1  1  0]
[ 3 -7  1] 

:::::::::::::::::::::::::::
[  2   3  -6]
[ -5   3   8]
[ 15   5 -17] 

[ 2  3 -6]
[-3  6  2]
[ 6  2  3] 

[ 1  0  0]
[-1  1  0]
[ 3 -1  1] 

:::::::::::::::::::::::::::
[  9   6   2]
[ 15  -1  -4]
[-17   7  -5] 

[ 9  6  2]
[ 6 -7 -6]
[-2  6 -9] 

[ 1  0  0]
[ 1  1  0]
[-1 -1  1] 

:::::::::::::::::::::::::::
[ -7  -4  -4]
[ 10  16   7]
[ -6 -15 -15] 

[-7 -4 -4]
[-4  8 -1]
[ 4  1 -8] 

[ 1  0  0]
[-2  1  0]
[ 2 -1  1] 

