------------------------ New data for 2022/04/25 09:35:59 ------------------------
A=
[ 0  1  1]
[-5 -4  5]
[-1  0  2]
B =
[1 1 1]
[0 1 3]
[1 1 2]
v =  (3, -4, -3)


A=
[ 1  0 -1]
[ 0  1  2]
[ 2 -3 -7]
B =
[ 1  2 -6]
[ 0  1 -4]
[ 1  1 -1]
v =  (4, 2, 1)


A=
[ 1  0  1]
[-1  1 -1]
[ 1 -3  2]
B =
[ 1  0 -4]
[ 1  1  0]
[-3 -2  5]
v =  (4, -3, 3)


A=
[-1 -5 -4]
[ 1  4  3]
[-2 -5 -2]
B =
[ 1  1 -1]
[-1 -1  0]
[ 0  1  5]
v =  (1, -1, 2)


A=
[ 1  0 -1]
[ 0  1 -2]
[ 1  1 -2]
B =
[ 0  1 -2]
[-1 -3  4]
[ 1  1  1]
v =  (1, -3, -1)


A=
[-1  1  1]
[ 4 -3 -5]
[ 2 -2 -3]
B =
[-1  2 -3]
[ 0  1 -2]
[-1  1 -2]
v =  (-1, -4, -2)


A=
[ 1 -2 -1]
[ 4 -7 -1]
[-1  2  2]
B =
[ 0 -1  2]
[ 1 -2  0]
[ 1  1 -5]
v =  (3, 3, -1)


A=
[ 1  0 -2]
[-1 -1  4]
[ 0  2 -5]
B =
[-3  1  4]
[ 1  0 -1]
[ 2 -1 -4]
v =  (-4, -1, -2)


A=
[-1  2  4]
[-2  3  6]
[-1  0  1]
B =
[ 0  2  5]
[ 1  2  5]
[ 1 -1 -3]
v =  (4, -2, 1)


A=
[-2  2  7]
[ 0  1  5]
[ 1 -1 -4]
B =
[ 2 -3 -3]
[-1  2  3]
[-1  1  1]
v =  (-1, -3, 1)


A=
[ 1 -5 -5]
[ 0  1  2]
[-1  2  0]
B =
[ 2  0 -7]
[ 0  1  1]
[-1 -2  2]
v =  (3, -2, 1)


A=
[-1 -1 -2]
[ 2  1  7]
[ 1  0  6]
B =
[-1  0  2]
[-1 -1 -2]
[-1 -1 -1]
v =  (-2, 1, -1)


A=
[ 1 -3 -1]
[-1  4  0]
[-1  7 -2]
B =
[-1 -3 -7]
[ 0  1  2]
[-1 -2 -6]
v =  (-1, -2, 2)


A=
[ 3  1 -1]
[-2 -1  1]
[-1  0 -1]
B =
[-2  5  6]
[ 1 -3 -4]
[ 1 -3 -3]
v =  (-3, -2, -1)


A=
[ 1  1 -7]
[ 0  1 -3]
[ 1 -1  0]
B =
[ 1  0 -4]
[ 2  1 -4]
[-2 -1  5]
v =  (-2, 1, 1)


A=
[ 0  1 -2]
[-1  2  0]
[-2  5 -1]
B =
[ 1 -2  0]
[ 0  1  2]
[-1  3  3]
v =  (-3, -4, -3)


A=
[-2 -3  4]
[-1 -2  3]
[ 1  3 -4]
B =
[ 1  1 -2]
[ 0  1 -2]
[ 3 -2  5]
v =  (-2, -4, 3)


A=
[ 1 -2 -1]
[-3  7  2]
[-1  3  1]
B =
[-1  1 -3]
[ 4 -3  7]
[ 2 -2  5]
v =  (4, 1, -1)


A=
[ 3 -7 -6]
[ 1 -2 -2]
[ 1  0 -1]
B =
[ 1  1  3]
[ 0  1  3]
[-2  2  7]
v =  (-1, -4, 1)


A=
[ 1  1 -4]
[ 0  1 -4]
[ 1  0  1]
B =
[ 1 -1 -7]
[ 1  0 -5]
[ 1  1 -2]
v =  (-2, 1, 1)


A=
[ 1 -2  5]
[ 2 -3  6]
[-1  2 -4]
B =
[ 2  4 -5]
[-1 -2  2]
[-1 -1  0]
v =  (3, -4, -2)


------------------------ New data for 2022/05/30 13:42:45 ------------------------
A=
[-1  2 -5]
[ 1 -1  3]
[-1  2 -6]
B =
[ 1  1  3]
[ 0  1 -2]
[ 2  5  1]
v =  (1, -1, -2)


A=
[ 1 -1  6]
[ 1  0  4]
[-1  1 -5]
B =
[ 1 -4  4]
[-1 -3  1]
[ 0  4 -3]
v =  (-1, 4, -2)


A=
[ 1 -2 -1]
[ 0  1  2]
[-2  4  3]
B =
[-1 -4 -2]
[ 1  4  1]
[ 2  7  2]
v =  (-3, 2, -1)


A=
[1 0 5]
[1 1 6]
[0 4 5]
B =
[ 2 -1  5]
[ 1  0  5]
[-3  3  1]
v =  (3, 3, 2)


A=
[-2  5 -5]
[ 1 -3  4]
[-2  6 -7]
B =
[ 3  6 -1]
[ 0  1  2]
[ 1  1 -2]
v =  (-3, 2, -1)


A=
[ 1  4 -6]
[ 1  5 -7]
[ 0 -1  2]
B =
[ 1  2 -5]
[ 1  3 -5]
[-1  2  6]
v =  (3, 1, -1)


A=
[ 1 -1 -1]
[ 4 -3  0]
[ 2 -1  3]
B =
[ 1  2  3]
[ 0  1  4]
[-1 -3 -6]
v =  (4, -3, 1)


A=
[-3  4 -3]
[ 1 -1  0]
[-2  3 -4]
B =
[ 1  3  4]
[-1 -2 -4]
[-1  0 -3]
v =  (4, 3, -1)


A=
[ 2  3  2]
[-1 -1 -1]
[-3 -4 -2]
B =
[ 1  1  2]
[-1 -1 -1]
[ 0 -1 -4]
v =  (-4, 4, -3)


A=
[1 2 4]
[0 1 3]
[1 1 2]
B =
[-1 -2  1]
[ 1  4  4]
[-2 -5 -1]
v =  (-2, 1, -1)


A=
[ 1 -1 -3]
[ 2 -1 -1]
[ 1 -1 -2]
B =
[1 6 5]
[0 1 1]
[1 4 4]
v =  (2, -2, 1)


------------------------ New data for 2022/06/12 12:23:20 ------------------------
A=
[ 1 -1 -2]
[-1  0  3]
[ 0  1 -2]
B =
[ 1 -1  6]
[ 0  1 -1]
[-2 -2 -7]
v =  (-4, 1, 2)


A=
[ 1  0  3]
[-4  1 -7]
[-3  1 -3]
B =
[ 3 -6 -2]
[-2  5  3]
[ 2 -4 -1]
v =  (-4, -1, 2)


A=
[ 1 -2  7]
[ 1 -1  5]
[ 0 -2  5]
B =
[ 1  1  3]
[ 0  1  2]
[ 1 -1  0]
v =  (-1, -4, 2)


A=
[ 1  3  7]
[ 0  1  4]
[-1  0  6]
B =
[ 1 -2 -6]
[ 1 -1 -3]
[ 1 -1 -2]
v =  (4, 4, 3)


A=
[-1  4 -1]
[-2  7 -1]
[ 2 -7  2]
B =
[ 1 -4 -3]
[ 2 -7 -5]
[-1  5  5]
v =  (2, 1, -3)


A=
[ 1 -1  4]
[ 0  1  1]
[-2  4 -5]
B =
[ 1  0 -5]
[ 0  1 -3]
[-1  1  3]
v =  (3, 3, 1)


A=
[-3 -1  2]
[-1  0  1]
[-4 -2  1]
B =
[ 1  4 -1]
[ 1  5 -1]
[-1 -5  2]
v =  (1, -1, -1)


A=
[-1 -2 -4]
[-1 -1 -1]
[-1 -2 -5]
B =
[ 0 -2  3]
[ 1  3 -5]
[-1 -4  7]
v =  (-3, 3, 1)


A=
[ 1  2 -5]
[ 0  1 -4]
[ 1  2 -4]
B =
[ 1  3 -6]
[-1  2 -7]
[ 0  2 -5]
v =  (-2, 3, 1)


A=
[ 1 -2  7]
[ 1 -1  6]
[ 0 -2  3]
B =
[ 1 -2  3]
[ 0  1 -2]
[ 2 -4  7]
v =  (2, 3, 2)


A=
[-1  1  3]
[-2  1  6]
[-2  1  7]
B =
[ 1  1 -1]
[ 0  1  4]
[ 1  2  4]
v =  (-3, 3, -1)


A=
[ 1  0 -3]
[ 2  1 -5]
[ 3  5 -3]
B =
[-1 -3 -4]
[-1 -4 -5]
[ 1  2  4]
v =  (-1, -4, 4)


A=
[ 1  0  3]
[-1  1 -6]
[-2 -1 -2]
B =
[-1  3 -2]
[ 1 -4  3]
[ 1 -5  5]
v =  (1, 4, 2)


A=
[ 1 -2  6]
[ 0  1 -4]
[ 1  0 -1]
B =
[-5  3  5]
[ 3 -2 -4]
[-1  0 -1]
v =  (3, 4, 2)


A=
[-2 -3 -5]
[ 0  1  4]
[ 1  2  4]
B =
[ 1  4  4]
[-1 -3 -4]
[-1 -3 -3]
v =  (-1, -1, -2)


A=
[ 2 -1  5]
[-1  1  0]
[ 1 -1  1]
B =
[-3 -5  1]
[ 1  0 -3]
[-2 -2  3]
v =  (3, -1, 2)


A=
[-2 -4  1]
[ 0  1 -2]
[-1 -3  2]
B =
[-4  2  3]
[ 4 -3  1]
[-5  3  2]
v =  (-2, -3, -1)


A=
[ 1  3  1]
[-2 -5 -2]
[-2 -4 -1]
B =
[ 1 -1 -1]
[-2  3 -1]
[-5  6  3]
v =  (3, 1, 2)


A=
[-2 -3 -7]
[ 1  1  2]
[ 2  2  5]
B =
[ 2  2  1]
[-1 -1 -1]
[-1  0 -3]
v =  (-3, 2, -1)


A=
[-2  7 -3]
[-1  6 -3]
[-1  4 -2]
B =
[ 1 -3  6]
[ 1 -2  5]
[ 0 -1  2]
v =  (-1, -4, -1)


A=
[-2  1 -4]
[ 1 -1  3]
[ 1  0  2]
B =
[ 1 -1 -1]
[ 0  1  1]
[ 3  1  2]
v =  (-2, 3, 1)


A=
[ 4  5 -3]
[-1 -1  0]
[ 0 -1  4]
B =
[-1  1  0]
[ 1 -1  1]
[-2  3 -6]
v =  (-1, -1, -3)


A=
[-2 -7 -6]
[-1 -4 -4]
[ 1  4  5]
B =
[-1  1  2]
[ 0  1  1]
[-1 -2 -2]
v =  (-3, 1, -1)


A=
[ 1  1 -2]
[-2  1 -1]
[ 0 -1  2]
B =
[-5 -5  3]
[ 5  6 -3]
[ 3  3 -2]
v =  (-4, 1, -4)


A=
[ 0 -1 -3]
[ 1 -1 -2]
[-1  1  3]
B =
[ 1  0 -4]
[ 2  1 -5]
[-3 -2  7]
v =  (-3, 3, -1)


A=
[ 1  2  3]
[-1 -1  1]
[ 1  0 -4]
B =
[-3  4 -7]
[ 1 -1  0]
[ 2 -3  6]
v =  (3, 4, 4)


