------------------------ New data for 2022/03/27 00:45:31 ------------------------
v= (0, -5, -4)
mat=
[1 3 4]
[2 7 8]
[2 8 9]
v= (-4, 1, 7)
mat=
[ 1 -2 -4]
[ 2 -3 -6]
[ 1 -3 -5]
v= (9, -2, -8)
mat=
[ 0 -1 -2]
[ 1 -2 -5]
[ 2 -2 -5]
v= (-1, -1, 0)
mat=
[ 1  1  1]
[ 3  4  6]
[ 1  0 -1]
v= (1, -6, 3)
mat=
[-1 -1 -6]
[ 0  1  1]
[ 1  2  6]
v= (-2, 7, 8)
mat=
[ 0 -1 -3]
[ 1 -2 -4]
[ 1 -2 -3]
v= (-7, 7, -2)
mat=
[ 1  3 -9]
[ 0  1 -2]
[ 1 -1  0]
v= (0, 4, -5)
mat=
[ 1 -3 -2]
[ 0  1 -1]
[ 2 -5 -4]
v= (-2, 2, 1)
mat=
[ 3 -1 -3]
[-2  1  2]
[ 4 -1 -3]
v= (-8, 9, 7)
mat=
[ 1 -3 -7]
[ 1 -2 -4]
[ 1 -1  0]
v= (-2, -5, 10)
mat=
[ 0  1 -3]
[-1  2 -8]
[-1  2 -7]
v= (4, -5, -10)
mat=
[-1 -3 -4]
[-1 -4 -5]
[-1 -2 -2]
v= (0, 2, 1)
mat=
[ 1 -3 -7]
[-1  4  8]
[ 1 -3 -6]
v= (9, -5, 10)
mat=
[ 1 -1 -1]
[ 0  1  5]
[ 1  0  5]
v= (-10, 0, -9)
mat=
[-1  0 -1]
[-2 -1 -4]
[-5 -2 -8]
v= (-9, 3, -5)
mat=
[ 1  0 -2]
[-1  1 -3]
[ 1 -1  4]
v= (0, -3, -7)
mat=
[ 1  4  9]
[-1 -3 -6]
[ 0 -1 -2]
v= (6, -7, -10)
mat=
[-1  0 -1]
[-1 -1 -4]
[ 0 -3 -8]
v= (-1, -1, -1)
mat=
[-1  2  4]
[ 1 -3 -6]
[ 0  1  3]
v= (5, 3, -9)
mat=
[ 0  1 -3]
[-1 -2  6]
[-1 -2  7]
v= (-8, 3, -8)
mat=
[ 1  1  3]
[ 0  1  1]
[-2 -1 -4]
v= (1, -1, -8)
mat=
[ 1 -2 -7]
[ 0  1  1]
[-1  1  7]
v= (-1, 4, 5)
mat=
[ 1 -3 -5]
[-1  4  8]
[-2  5  8]
v= (-6, 2, -5)
mat=
[1 2 9]
[0 1 4]
[1 1 6]
v= (-4, 4, -7)
mat=
[ 0  1 -4]
[-1  1 -1]
[-1  1  0]
v= (-9, 5, 7)
mat=
[ 3 -1 -4]
[-1  0  3]
[ 1 -1  1]
v= (0, -3, -10)
mat=
[-2 -1 -3]
[ 0  1  4]
[-1 -1 -4]
v= (-2, 3, -3)
mat=
[ 1 -1  3]
[ 0  1 -1]
[-2  4 -7]
v= (-1, 3, -9)
mat=
[ 1  3 -5]
[ 0  1 -2]
[ 1  3 -4]
v= (1, 3, -6)
mat=
[-1 -1  1]
[ 0  1 -2]
[-2  2 -7]
v= (-7, 3, 8)
mat=
[ 0 -1  3]
[-2 -1  8]
[ 1  2 -9]
v= (3, -1, 7)
mat=
[ 1  1 -4]
[-2 -1  5]
[-2 -2  9]
v= (-2, -1, -2)
mat=
[ 1  4  6]
[-1 -3 -5]
[ 0  1  2]
v= (3, -2, 0)
mat=
[ 1  0 -2]
[ 0  1 -3]
[ 2  2 -9]
v= (-7, 4, 7)
mat=
[-1  2  2]
[ 3 -5 -6]
[ 2 -4 -5]
v= (-4, 5, -4)
mat=
[ 1 -2 -3]
[ 1 -1  0]
[-2  3  4]
v= (6, -1, 4)
mat=
[ 1  3  9]
[-1 -2 -6]
[ 0 -3 -8]
v= (-1, 4, 1)
mat=
[ 4  0  1]
[-1 -2 -1]
[-1  1  0]
v= (-3, -1, -9)
mat=
[ 0 -1 -1]
[ 1  6  6]
[ 1  4  5]
v= (2, 5, -3)
mat=
[ 1  0 -2]
[ 1  1 -2]
[ 5  3 -9]
v= (3, 5, -8)
mat=
[-1  2  7]
[-1  1  5]
[-1  1  6]
v= (-2, 1, 4)
mat=
[ 1  2  5]
[ 0  1  3]
[-2 -4 -9]
v= (-2, 0, -3)
mat=
[ 1 -1  5]
[ 2 -1  5]
[-2  2 -9]
v= (5, -7, -6)
mat=
[-1  2 -1]
[ 5 -9  0]
[ 2 -4  1]
v= (-5, -3, -5)
mat=
[ 1  2  6]
[-1 -1 -2]
[-2 -3 -7]
v= (0, -8, -7)
mat=
[-1  4  7]
[ 0  1  1]
[ 1 -4 -8]
v= (0, 2, -5)
mat=
[-2  2  1]
[ 0  1 -3]
[-1  0  3]
v= (3, 1, -6)
mat=
[ 1  2  9]
[-1 -1 -4]
[-1 -1 -3]
v= (0, -4, 9)
mat=
[ 1  4 -7]
[-1 -3  4]
[ 1  5 -9]
v= (5, -10, -3)
mat=
[-1  2  2]
[ 1 -3 -4]
[ 1 -2 -1]
v= (-1, -5, -6)
mat=
[ 1 -2  0]
[ 0  1  2]
[ 1 -3 -1]
v= (-6, -2, -7)
mat=
[-1  1  4]
[-2  1  3]
[ 1 -1 -3]
v= (2, 9, 1)
mat=
[-1 -1  4]
[ 1  0 -5]
[ 2  1 -8]
v= (6, -9, 1)
mat=
[ 2 -1  7]
[-1  1 -2]
[-3  2 -8]
v= (7, 9, 6)
mat=
[ 1  2  0]
[ 0  1 -1]
[-2 -6  3]
v= (-7, 4, -6)
mat=
[-3  2 -1]
[-2  1 -2]
[ 3 -2  2]
v= (6, -2, 9)
mat=
[-1  1 -2]
[ 0  1 -3]
[-1  1 -3]
v= (5, 0, 4)
mat=
[-3  1  3]
[ 2 -1 -5]
[ 2 -1 -4]
v= (2, 5, 7)
mat=
[1 3 5]
[0 1 3]
[1 3 6]
v= (3, -7, 8)
mat=
[ 1 -3  7]
[ 0  1 -3]
[ 1 -2  5]
v= (1, 5, -1)
mat=
[ 0 -1 -2]
[ 1 -1 -5]
[ 1 -2 -6]
v= (-3, 4, 5)
mat=
[-1  2  8]
[ 1 -1 -1]
[-1  2  7]
v= (2, 3, 3)
mat=
[ 1  0 -2]
[ 0  1  3]
[-1  1  6]
v= (0, 1, -9)
mat=
[ 0 -1  4]
[ 1  0  4]
[-1 -1  1]
v= (-1, -5, 7)
mat=
[ 1 -3  9]
[ 1 -2  7]
[ 1 -2  8]
v= (3, 2, -4)
mat=
[-1 -2  5]
[-1 -3  6]
[-1 -3  7]
v= (1, -1, 8)
mat=
[ 1 -2  6]
[ 2 -3  9]
[-2  3 -8]
v= (-3, -1, 4)
mat=
[-1  1 -9]
[ 1  0  3]
[ 1 -1  8]
v= (5, -4, 2)
mat=
[-1  0  1]
[-1 -1  4]
[-1 -1  5]
v= (-5, 5, -7)
mat=
[ 1 -4  8]
[ 0  1 -2]
[-1  2 -3]
v= (-2, -1, -2)
mat=
[-1  3 -3]
[-3  4 -6]
[ 2 -4  5]
v= (-5, -7, 10)
mat=
[-2  1  0]
[ 0  1 -1]
[ 1  1 -2]
v= (1, 3, 8)
mat=
[ 1 -1 -9]
[ 1  1  0]
[ 0 -1 -4]
v= (-1, 5, -10)
mat=
[ 1  1 -2]
[ 1  5 -9]
[ 0 -1  2]
v= (-4, -2, 1)
mat=
[ 0  1 -3]
[ 1  0  2]
[-1  2 -9]
v= (6, 2, -1)
mat=
[ 2 -1 -9]
[ 1  0 -2]
[ 2 -1 -8]
v= (5, -4, -2)
mat=
[ 1 -2  5]
[ 1 -1  0]
[-1  1  1]
v= (-8, 5, -1)
mat=
[ 1  0  3]
[ 0  1  3]
[-1  1  1]
v= (-3, 3, -1)
mat=
[ 1 -2  5]
[ 1 -1  0]
[-1  3 -9]
v= (-8, -9, -1)
mat=
[-1  4  4]
[-1  3  3]
[ 0 -5 -4]
v= (3, 0, -7)
mat=
[ 0 -1  1]
[ 1  5 -9]
[ 1  2 -5]
v= (-5, 1, -8)
mat=
[ 1 -1  7]
[ 2 -1  9]
[-1  0 -1]
v= (-3, 2, 9)
mat=
[1 3 9]
[0 1 4]
[1 1 2]
v= (-6, -1, -6)
mat=
[ 1 -4  8]
[ 0  1 -2]
[ 1 -1  3]
v= (-5, 2, 2)
mat=
[-1 -1  7]
[ 0  1 -4]
[ 1  1 -8]
v= (2, -10, -7)
mat=
[-1  6  3]
[-1  5  3]
[ 0  2  1]
v= (6, -4, 1)
mat=
[ 1 -2 -3]
[ 0  1  2]
[ 1 -2 -2]
v= (9, -5, 5)
mat=
[ 1 -1  0]
[ 1  0  2]
[-3  1 -3]
v= (1, 0, -1)
mat=
[ 1 -5  5]
[-1  6 -6]
[ 1 -7  8]
v= (3, -1, -7)
mat=
[ 1 -1 -7]
[ 0  1  3]
[ 1 -1 -6]
v= (3, -10, -1)
mat=
[ 1 -2 -2]
[ 0  1 -1]
[-2  7  2]
v= (8, -5, -9)
mat=
[ 1  1  1]
[ 0  1  1]
[-2  3  4]
v= (-3, 4, -3)
mat=
[-1  2 -2]
[ 1 -3  4]
[ 1 -3  5]
v= (-6, -7, 4)
mat=
[-1 -1  0]
[ 2  1  5]
[ 1  0  6]
v= (4, -5, -7)
mat=
[-1  2  1]
[ 1 -3  1]
[-3  8  0]
v= (5, 4, 7)
mat=
[-1  0 -4]
[-2 -1 -4]
[ 2  2  1]
v= (-7, 10, 1)
mat=
[ 4 -6 -1]
[ 2 -1  0]
[-3  5  1]
v= (3, 0, -10)
mat=
[-2 -1  7]
[-1 -1  5]
[-1 -1  6]
v= (1, 0, 1)
mat=
[ 1  2  2]
[ 2  1  0]
[ 0 -2 -3]
v= (2, 9, -7)
mat=
[ 0  1 -2]
[-1 -3  4]
[ 1  3 -3]
v= (8, 3, 10)
mat=
[ 2 -1  1]
[-1  1  0]
[ 1 -5 -3]
v= (-5, 8, -3)
mat=
[ 1 -3  5]
[ 0  1 -3]
[ 2 -5  8]
v= (6, -7, -6)
mat=
[ 1 -3 -8]
[ 0  1  3]
[ 1 -1 -1]
v= (-3, 2, 1)
mat=
[-3  1 -2]
[-5  1 -5]
[ 4 -1  4]
v= (1, 1, 1)
mat=
[-1  1 -2]
[ 1 -1  3]
[-2  3 -9]
v= (2, -2, 5)
mat=
[-1  1 -2]
[ 2 -3  9]
[ 0  1 -4]
v= (9, -10, -8)
mat=
[ 1 -1 -1]
[ 0  1 -3]
[-1  3 -4]
v= (0, -1, 2)
mat=
[ 1 -1 -6]
[ 2 -1 -9]
[ 2 -1 -8]
v= (-1, -3, 0)
mat=
[ 1  5 -8]
[-1 -4  6]
[ 0  2 -3]
v= (-2, -3, -4)
mat=
[-2 -1  3]
[ 1  0 -4]
[-1 -1  0]
v= (6, 7, -2)
mat=
[-1  0 -6]
[ 0  1 -5]
[ 1  1  0]
v= (-1, -6, 9)
mat=
[ 1  5 -3]
[-1 -4  2]
[-1 -4  3]
v= (-1, -2, 4)
mat=
[-1 -2  9]
[ 1  1 -6]
[-1  0  4]
v= (-8, -6, 5)
mat=
[ 1  2  6]
[-1 -1 -1]
[ 0  1  6]
v= (-6, 7, 7)
mat=
[ 1 -4 -3]
[-2  9  7]
[-1  1  1]
v= (-4, 3, -5)
mat=
[ 0  1 -3]
[-1  3 -9]
[-1  2 -5]
v= (-3, 1, -6)
mat=
[ 1  1 -5]
[ 0  1 -4]
[ 1  2 -8]
v= (-3, -1, -5)
mat=
[-1 -1 -2]
[-1 -1 -3]
[-2 -3 -8]
v= (-7, -3, 1)
mat=
[ 1 -1 -2]
[ 0  1  2]
[-1  0  1]
v= (2, -1, 3)
mat=
[ 1  2  7]
[ 0  1  2]
[-1  0 -2]
v= (-6, -8, -3)
mat=
[ 1  3  1]
[-2 -5 -2]
[ 1  4  2]
v= (0, -1, -7)
mat=
[ 1 -2 -7]
[ 1 -1 -2]
[ 0 -1 -4]
v= (-3, -2, 10)
mat=
[ 1 -5  7]
[ 1 -4  5]
[ 0  4 -7]
v= (-3, -2, 0)
mat=
[ 1 -2 -6]
[ 0  1  2]
[ 2 -3 -9]
v= (-2, -3, -8)
mat=
[ 1 -1 -6]
[ 0  1  5]
[ 1 -1 -5]
v= (3, -2, 5)
mat=
[ 1  1 -5]
[ 0  1 -5]
[-1  0  1]
v= (1, -2, -8)
mat=
[ 1 -1  0]
[ 0  1  3]
[ 1  0  4]
v= (10, -2, 9)
mat=
[ 1 -2 -5]
[-1 -1 -5]
[ 0 -2 -7]
v= (2, 3, 5)
mat=
[ 1 -2 -7]
[ 1 -1 -4]
[ 0  1  4]
v= (4, 4, -7)
mat=
[ 1  4  3]
[-1 -3 -1]
[ 2  6  3]
v= (2, 3, 1)
mat=
[ 1  1  0]
[-4 -3  2]
[-1 -2 -1]
v= (-3, 3, -4)
mat=
[ 1  1  4]
[ 1  2  6]
[ 1 -1  1]
v= (1, 3, -10)
mat=
[ 0 -1  3]
[ 1 -2  6]
[-1  1 -2]
v= (2, 1, -9)
mat=
[ 0 -1  2]
[ 1  3 -9]
[ 1  3 -8]
v= (-3, 0, 10)
mat=
[-1  3 -1]
[ 2 -7  4]
[ 3 -9  4]
v= (0, 6, 1)
mat=
[ 1  1 -5]
[ 0  1 -1]
[-1 -1  6]
v= (3, -2, 8)
mat=
[ 1  2 -6]
[ 0  1 -4]
[-2 -2  5]
v= (-2, -3, 2)
mat=
[ 0 -1  1]
[ 1  4 -5]
[-1 -7  9]
v= (-1, -1, 5)
mat=
[ 1 -1  6]
[ 2 -1  7]
[ 0  1 -4]
v= (2, -1, 2)
mat=
[-1 -1 -4]
[-1 -2 -5]
[ 1  1  5]
v= (-5, -3, 8)
mat=
[-2  1 -4]
[ 1 -1  3]
[ 1 -1  4]
v= (3, 1, -7)
mat=
[ 1  0 -3]
[ 1 -1 -6]
[ 0  2  5]
v= (10, -8, 5)
mat=
[-1  1  0]
[-2  1 -4]
[ 3 -2  5]
v= (-1, -2, 2)
mat=
[ 1 -5  9]
[ 0  1 -1]
[-1  4 -7]
v= (4, -7, -4)
mat=
[-2  3  1]
[ 1 -2 -2]
[-2  3  2]
v= (2, 6, -9)
mat=
[ 1  1  2]
[ 0  1 -3]
[ 1  0  6]
v= (9, 9, 4)
mat=
[ 1  1  1]
[-1  0 -4]
[-3 -2 -5]
v= (-6, 1, -10)
mat=
[ 1 -1  3]
[ 0  1 -1]
[-1  1 -2]
v= (8, -7, 7)
mat=
[ 2 -1  4]
[-1  1  1]
[ 1 -1  0]
v= (-8, -9, 3)
mat=
[ 1  2  1]
[-3 -5 -2]
[-5 -7 -1]
v= (-1, 0, -10)
mat=
[ 0  1  5]
[-1  0 -3]
[ 1 -1 -1]
v= (2, 4, 9)
mat=
[3 5 1]
[1 2 0]
[4 7 2]
v= (2, 1, -8)
mat=
[-1 -2  4]
[-1 -3  4]
[-1 -3  5]
v= (-3, -5, 8)
mat=
[ 0  1 -2]
[-1  2 -6]
[-1  1 -3]
v= (-8, 7, -10)
mat=
[ 1 -1  0]
[-2  3  5]
[-1  2  6]
v= (5, -3, 2)
mat=
[ 1 -1  2]
[ 0  1 -3]
[-1  2 -4]
v= (5, -2, -7)
mat=
[-1 -1  1]
[-2 -3  2]
[-1  2  2]
v= (2, -2, -1)
mat=
[ 1  1  7]
[ 0  1  4]
[-2  0 -5]
v= (0, 7, -3)
mat=
[ 0  2 -1]
[-1 -4  5]
[ 1  3 -4]
v= (5, 2, -2)
mat=
[-1  0 -2]
[ 2 -1  9]
[ 1 -1  8]
v= (5, -4, 3)
mat=
[1 1 5]
[0 1 2]
[1 1 6]
v= (7, 5, -2)
mat=
[ 1  1  2]
[-1  0  3]
[-1 -2 -6]
v= (-1, 0, 3)
mat=
[ 1 -1 -4]
[ 2 -1 -6]
[ 1 -1 -3]
v= (-3, 3, -8)
mat=
[ 1 -1  3]
[ 0  1 -4]
[-1  1 -2]
v= (-2, -7, -2)
mat=
[ 1  5 -1]
[ 1  6 -2]
[-1 -2 -1]
v= (-3, -2, 0)
mat=
[-1 -3 -5]
[-1 -4 -7]
[ 0  3  7]
v= (-3, 4, -4)
mat=
[ 1 -4 -4]
[ 1 -3 -2]
[ 0  1  3]
v= (-1, 0, 3)
mat=
[ 1 -1  1]
[ 0  1  3]
[-1  1  0]
v= (8, -8, -1)
mat=
[ 0 -1  4]
[ 1 -2  5]
[-1  2 -4]
v= (-3, -10, -3)
mat=
[-1  1 -3]
[ 1 -2  4]
[ 1  1  2]
v= (3, -7, 5)
mat=
[-1  1  1]
[-2  1  6]
[ 1  0 -4]
v= (-5, 6, 6)
mat=
[ 1  1 -4]
[-2 -1  6]
[ 1  2 -5]
v= (-6, 3, 8)
mat=
[ 1 -2 -5]
[ 2 -3 -8]
[ 0  2  5]
v= (5, -3, 10)
mat=
[ 1 -5 -4]
[-1  6  5]
[-1  9  9]
v= (3, -1, -5)
mat=
[-1 -3  8]
[ 1  2 -7]
[-1 -3  9]
v= (4, 2, -9)
mat=
[ 1  1 -4]
[-2 -1  3]
[-4 -2  7]
v= (5, 1, 1)
mat=
[ 1  1  0]
[ 0  1  1]
[ 1 -1 -1]
v= (-1, 0, 6)
mat=
[ 1  1 -9]
[ 0  1 -4]
[ 1  0 -4]
v= (-5, -2, 5)
mat=
[ 1 -5  8]
[ 1 -4  6]
[ 1 -2  3]
v= (5, 1, 10)
mat=
[ 1  0  2]
[-1 -2  3]
[ 0  1 -3]
v= (1, 2, -2)
mat=
[ 1  0 -4]
[ 0  1  3]
[ 2  1 -4]
v= (-10, 10, 3)
mat=
[-1  1  0]
[ 2 -3  4]
[ 3 -5  9]
v= (-1, 0, -8)
mat=
[-1  0 -1]
[ 1 -1  4]
[ 0  1 -2]
v= (-5, 6, 2)
mat=
[ 1  0 -4]
[-1  1  1]
[ 2 -2 -1]
v= (-6, 4, 3)
mat=
[ 1 -4 -9]
[ 0  1  3]
[-1  1  1]
v= (6, -9, -1)
mat=
[-1  3 -2]
[ 1 -4  4]
[ 0  2 -3]
v= (-10, 9, 3)
mat=
[ 1 -1  0]
[ 0  1  3]
[-1  2  4]
v= (-4, -1, 8)
mat=
[ 1  0 -2]
[ 0  1  5]
[-1 -2 -7]
v= (9, 3, -2)
mat=
[ 1  1 -4]
[ 0  1 -5]
[ 1  2 -8]
v= (-8, -7, 0)
mat=
[-1 -1 -1]
[ 0  1  5]
[ 2  3  6]
v= (-6, 1, -8)
mat=
[-2  5 -1]
[-3  7 -2]
[ 1 -4  0]
v= (7, 0, 8)
mat=
[ 0 -1 -4]
[ 1 -1 -3]
[-1  1  4]
v= (2, 6, 9)
mat=
[ 1  3  4]
[ 0  1  1]
[ 1 -1  1]
v= (-7, 1, -8)
mat=
[-1  0 -1]
[-2 -1  1]
[ 2  1  0]
v= (2, -5, 8)
mat=
[ 1 -1  3]
[-1  2 -7]
[ 1 -1  4]
v= (-8, 5, 0)
mat=
[ 1 -5 -5]
[ 0  1  1]
[ 2 -4 -3]
v= (-4, -1, -3)
mat=
[ 2 -1 -8]
[ 2 -1 -7]
[-1  0  2]
v= (-7, -9, 10)
mat=
[ 1  4 -5]
[-2 -7  9]
[ 0 -3  4]
v= (3, -3, -5)
mat=
[-1  0 -2]
[ 1 -1 -2]
[ 0 -1 -3]
v= (-10, -10, 3)
mat=
[ 1  1 -1]
[ 1  0 -4]
[ 0 -1 -4]
v= (-1, -1, 1)
mat=
[ 1  2  4]
[-3 -5 -8]
[ 4  6  9]
v= (2, 6, 1)
mat=
[ 0 -1 -2]
[ 1 -1 -7]
[-1  1  8]
v= (-4, 3, -8)
mat=
[ 1  0  3]
[ 0  1  2]
[ 1 -2  0]
v= (-1, -1, -5)
mat=
[ 1  2  4]
[-3 -5 -9]
[ 2  3  6]
v= (4, -2, -3)
mat=
[-1  0  2]
[-2 -1  9]
[ 0  1 -4]
v= (3, -7, 5)
mat=
[ 1  1 -7]
[-1  0  4]
[-1  1  2]
v= (3, 10, 0)
mat=
[-1 -4  3]
[ 2  7 -4]
[-1 -3  2]
v= (2, -2, 1)
mat=
[ 1 -3 -7]
[ 1 -2 -4]
[ 1 -4 -9]
v= (-1, -2, 0)
mat=
[ 1  2  3]
[-1 -3 -5]
[ 0 -2 -5]
v= (-10, -7, -2)
mat=
[ 0  1 -2]
[-1 -2  2]
[-2 -3  3]
v= (4, -3, -6)
mat=
[ 1 -5  5]
[-1  6 -6]
[-1  3 -2]
v= (-2, 4, 7)
mat=
[ 1 -1 -2]
[ 3 -2 -3]
[ 4 -3 -4]
v= (2, -1, -9)
mat=
[1 2 5]
[0 1 4]
[1 1 2]
v= (3, 1, -5)
mat=
[ 1 -4  9]
[ 1 -3  6]
[ 1 -1  1]
v= (-3, -6, -10)
mat=
[-1 -1  0]
[-2 -3 -5]
[-2 -4 -9]
v= (0, 1, -4)
mat=
[ 0 -1  1]
[ 1 -3  1]
[ 1 -3  2]
v= (1, -2, -7)
mat=
[ 1 -1 -6]
[-1  2  9]
[ 0 -1 -2]
v= (0, -1, -5)
mat=
[ 1 -2 -7]
[ 1 -1 -4]
[ 0 -1 -2]
v= (0, 3, 10)
mat=
[ 0 -1 -3]
[ 1 -2 -5]
[ 1 -2 -4]
v= (3, 5, 10)
mat=
[ 1 -1 -7]
[ 2 -1 -9]
[ 0 -1 -4]
v= (-2, 6, -7)
mat=
[ 0 -1  2]
[ 1 -4  5]
[ 1 -5  8]
v= (-6, -1, 2)
mat=
[ 1  1  2]
[ 0  1  3]
[-1 -2 -4]
v= (-4, 5, -7)
mat=
[-1  2 -3]
[ 2 -5  7]
[-2  1 -2]
v= (4, 1, -6)
mat=
[-1 -1  2]
[-1 -2  5]
[-2 -3  8]
v= (-10, 4, 9)
mat=
[ 4 -2 -1]
[ 1 -1  2]
[-1  0  2]
v= (4, -1, 3)
mat=
[1 1 8]
[0 1 5]
[1 1 9]
v= (-6, -1, 0)
mat=
[1 1 3]
[0 1 5]
[1 1 4]
v= (4, 1, -5)
mat=
[-1 -1  2]
[-1 -2  4]
[-1  0  1]
v= (9, 1, -2)
mat=
[ 1 -1 -3]
[ 0  1  2]
[ 1 -1 -2]
v= (-5, 0, 3)
mat=
[-2  1 -3]
[ 3 -2  7]
[ 4 -2  7]
v= (6, 1, -6)
mat=
[ 1 -2 -6]
[ 1 -1 -4]
[ 1 -1 -3]
v= (-1, 5, 2)
mat=
[ 1 -1 -1]
[ 0  1  1]
[-1 -2 -1]
v= (4, 5, 0)
mat=
[ 1  1 -2]
[-3 -2  6]
[ 4  3 -7]
v= (-4, 2, 5)
mat=
[ 1  1 -3]
[ 1 -4  4]
[ 0  2 -3]
v= (-5, -9, -1)
mat=
[ 1 -1  5]
[-1  2 -6]
[ 0 -2  3]
v= (-8, 5, -8)
mat=
[-2  1 -1]
[ 1 -1  3]
[ 0  1 -4]
v= (-2, 1, -3)
mat=
[-1  1  2]
[ 1 -2 -5]
[-1  1  3]
v= (1, 1, 5)
mat=
[ 0  1  1]
[-1  4  4]
[ 2 -6 -5]
v= (1, -1, 10)
mat=
[-1  1 -5]
[ 1 -2  6]
[ 1 -2  7]
v= (-4, 0, 7)
mat=
[-1  0  2]
[-2 -1  8]
[ 2  1 -7]
v= (3, 8, 2)
mat=
[ 1  3  2]
[ 2  3  2]
[ 0 -1 -1]
v= (8, -7, -3)
mat=
[ 1 -2 -5]
[ 0  1  4]
[-1  2  6]
v= (0, -1, -8)
mat=
[ 1 -3  8]
[ 0  1 -2]
[ 1 -3  9]
v= (-2, -1, -3)
mat=
[ 4 -1 -8]
[ 2 -1 -5]
[-1  0  1]
v= (-2, 3, -9)
mat=
[ 1  7  0]
[-1 -4 -1]
[ 0 -2  1]
v= (-3, -1, -6)
mat=
[ 1 -1  2]
[-1  5 -3]
[ 0 -3  1]
v= (-1, 1, 5)
mat=
[ 1  0  1]
[-2  1  3]
[-4  1  2]
v= (-4, 5, 6)
mat=
[-1  2  3]
[ 1 -3 -5]
[ 0 -4 -7]
v= (-8, -7, 2)
mat=
[ 1 -4 -9]
[ 0  1  2]
[-1  0  2]
v= (6, -3, -1)
mat=
[ 1 -4  6]
[ 1 -3  4]
[ 0  5 -9]
v= (3, -5, 10)
mat=
[-1 -1  4]
[ 0  1 -3]
[-1 -2  6]
v= (-1, -2, -5)
mat=
[ 0 -1 -4]
[ 1 -1 -3]
[ 2 -3 -9]
v= (5, -2, -1)
mat=
[ 1  1  4]
[-2 -1 -4]
[ 3  1  5]
v= (-2, 5, 5)
mat=
[-1  2  3]
[ 2 -3 -6]
[ 2 -4 -7]
v= (-9, -10, -8)
mat=
[ 1  3 -4]
[-1 -2  1]
[-1 -1 -1]
v= (9, 5, 1)
mat=
[ 1 -5  9]
[ 1 -2  4]
[ 0  2 -3]
v= (4, 0, -7)
mat=
[-2 -1  7]
[-1 -1  4]
[-1 -1  5]
v= (-5, 2, -7)
mat=
[ 1 -3 -8]
[ 1 -2 -5]
[ 1 -2 -4]
v= (5, -6, 1)
mat=
[ 1  1  7]
[-1  0 -3]
[ 1 -1  0]
v= (7, 2, 3)
mat=
[-1  1  2]
[ 2 -3 -7]
[-2  2  5]
v= (7, 3, 8)
mat=
[1 0 3]
[3 1 5]
[5 2 8]
v= (-3, 2, -2)
mat=
[ 1 -4  6]
[ 0  1 -1]
[-1  1 -2]
v= (-3, 0, 4)
mat=
[ 4  1  9]
[-1  0 -1]
[ 3  1  9]
v= (10, 4, 5)
mat=
[ 2  1  1]
[ 1  1 -1]
[-3 -1 -2]
v= (-1, -2, 0)
mat=
[ 1  1  0]
[ 0  1 -2]
[ 2  6 -7]
v= (-9, 2, -2)
mat=
[-2  1  1]
[ 1 -1 -2]
[ 0  1  4]
v= (2, -3, -4)
mat=
[ 1 -1  0]
[ 0  1  2]
[ 2  2  9]
v= (-7, -1, 7)
mat=
[ 1  0 -1]
[ 0  1  3]
[ 1 -1 -3]
v= (-1, -4, -10)
mat=
[ 0  1  2]
[-1 -2 -6]
[ 1 -1  1]
v= (1, 3, -10)
mat=
[ 1 -1  4]
[-1  0  2]
[ 0 -1  5]
v= (-1, -1, 3)
mat=
[-1 -1  0]
[ 2  1  3]
[ 2  1  4]
v= (-1, -2, -4)
mat=
[ 1  3 -3]
[-1 -2  3]
[ 0 -1  1]
v= (4, -3, 7)
mat=
[ 1  1 -6]
[-2 -1  9]
[ 2  1 -8]
v= (3, 10, 4)
mat=
[ 1 -1 -4]
[-1  2  6]
[-1  0  3]
v= (1, 3, 4)
mat=
[ 1 -3 -6]
[-1  4  7]
[ 0  1  2]
v= (10, -4, 1)
mat=
[ 1 -2 -2]
[ 1 -4 -5]
[ 0  3  4]
v= (7, 3, 4)
mat=
[ 1  1  3]
[ 0  1  4]
[-2 -3 -9]
v= (-1, -4, -5)
mat=
[-2 -1  1]
[-1 -1 -1]
[ 0 -1 -2]
v= (-2, 3, -9)
mat=
[ 1 -2  9]
[ 0  1 -4]
[ 1 -1  6]
v= (10, 7, -8)
mat=
[ 1  2 -3]
[ 1  3 -5]
[ 0  5 -9]
v= (-5, 4, 7)
mat=
[-1 -1 -4]
[ 0  1  4]
[-1  0 -1]
v= (-8, -3, 10)
mat=
[ 1  0 -1]
[ 1  1 -2]
[-1  4 -2]
v= (7, -5, -5)
mat=
[ 1  0 -4]
[-1  1  0]
[ 1 -2  5]
v= (1, 3, -6)
mat=
[ 1 -3  8]
[ 1 -2  5]
[-1  3 -7]
v= (-1, -1, -3)
mat=
[ 1 -4  5]
[ 2 -7  9]
[-1  5 -5]
v= (0, 1, 4)
mat=
[-3  1 -3]
[-4  1 -7]
[-4  1 -6]
v= (8, -8, 1)
mat=
[ 1  0  3]
[ 0  1  3]
[-1  1  1]
v= (-9, 4, 10)
mat=
[ 1 -1 -5]
[ 0  1  5]
[ 1 -1 -4]
v= (2, -2, -1)
mat=
[ 1  0 -2]
[ 0  1 -2]
[ 1  1 -3]
v= (1, -8, -3)
mat=
[ 1 -6 -1]
[ 0  1  1]
[ 1 -9 -3]
v= (7, 1, 3)
mat=
[ 1  0  1]
[ 3  1  8]
[-3 -1 -7]
v= (-1, -2, 7)
mat=
[-1  0  3]
[ 0  1 -4]
[-1 -1  6]
v= (-3, 4, -5)
mat=
[ 1 -4  7]
[ 1 -3  5]
[ 1 -4  8]
v= (1, -7, -8)
mat=
[ 0  1  2]
[-1  0 -5]
[-1  2  0]
v= (-4, -3, -7)
mat=
[ 1  0  3]
[ 0  1 -1]
[-1  1 -3]
v= (-4, 5, 0)
mat=
[ 1 -2  1]
[ 4 -7  2]
[-4  8 -3]
v= (-4, -1, 2)
mat=
[ 1 -1 -5]
[ 2 -1 -6]
[-1 -1 -2]
v= (5, 6, 0)
mat=
[ 1  0 -4]
[ 0  1  4]
[-1 -1  1]
------------------------ New data for 2022/03/27 06:31:46 ------------------------
vec= (6, 5, 8)
mat=
[-1 -1 -1]
[ 0  1 -3]
[-2 -1 -6]
vec= (-1, -1, 1)
mat=
[-1  1  5]
[-2  1  5]
[ 2 -1 -4]
vec= (3, 1, 1)
mat=
[-1  2 -7]
[ 1 -1  3]
[ 1 -2  6]
vec= (-5, -5, -6)
mat=
[ 1  2 -1]
[ 0  1 -3]
[ 1  1  3]
vec= (-9, -1, -3)
mat=
[-1 -1 -1]
[-1 -2 -3]
[ 1  1  2]
vec= (-2, -3, -4)
mat=
[1 5 8]
[0 1 2]
[1 4 7]
vec= (8, 7, -7)
mat=
[ 1  6 -8]
[-1 -3  4]
[ 0 -2  3]
vec= (-3, -2, 4)
mat=
[ 0  1 -1]
[-1  3 -3]
[-2  1  0]
vec= (1, -10, -4)
mat=
[ 0 -1 -1]
[ 1 -2 -6]
[ 1 -2 -5]
vec= (10, 3, -10)
mat=
[ 1  1 -5]
[ 0  1 -5]
[ 2  1 -4]
vec= (0, -1, -4)
mat=
[ 1 -3 -5]
[ 2 -5 -7]
[-1  1  0]
vec= (6, -1, -5)
mat=
[ 1  1 -6]
[-1  0  2]
[-1 -1  7]
vec= (-6, -2, -9)
mat=
[-1 -2 -4]
[ 0  1  1]
[ 2  4  7]
vec= (10, -3, -8)
mat=
[-1  0  2]
[-2 -1  9]
[ 0  1 -4]
vec= (2, 4, 7)
mat=
[ 0  1  3]
[-1 -2 -5]
[ 1  3  9]
vec= (9, -9, 4)
mat=
[ 1  1 -9]
[-1  0  4]
[-1  1  0]
vec= (-2, -9, -1)
mat=
[ 1  2 -1]
[ 4  9 -3]
[-3 -8  2]
vec= (-3, -1, -4)
mat=
[ 1  1  2]
[ 2 -3 -4]
[ 0 -3 -5]
vec= (-3, -10, -7)
mat=
[-1 -4 -2]
[-2 -9 -2]
[ 2  9  3]
vec= (-1, 0, 1)
mat=
[ 1  0  1]
[ 0  1  4]
[-1 -2 -8]
vec= (3, -2, -4)
mat=
[ 1 -2  4]
[-1  3 -8]
[ 2 -4  9]
vec= (6, -1, -2)
mat=
[-3 -1  2]
[ 0  1 -1]
[ 2  2 -3]
vec= (-10, 7, 0)
mat=
[ 1 -1  2]
[-1  2 -7]
[-2  3 -8]
vec= (0, -3, -7)
mat=
[ 3 -1  5]
[-2  1 -2]
[-3  1 -4]
vec= (-1, -2, -1)
mat=
[-1 -4  3]
[ 1  3 -1]
[-2 -7  5]
vec= (6, -7, -5)
mat=
[ 1  0  5]
[-1  1  0]
[ 0  1  6]
vec= (-2, 3, -2)
mat=
[ 1 -1  0]
[-2  3  4]
[ 1 -2 -3]
vec= (0, -1, 2)
mat=
[ 1 -5 -5]
[ 0  1  1]
[ 1 -4 -3]
vec= (6, -3, 7)
mat=
[ 1 -2  6]
[ 1 -2  7]
[ 0 -1  3]
vec= (-3, -1, -5)
mat=
[ 1 -5 -7]
[ 0  1  2]
[ 1 -6 -8]
vec= (-1, -8, 6)
mat=
[ 1  2 -1]
[ 0  1 -2]
[ 1  2  0]
vec= (3, -3, -2)
mat=
[ 0 -1  4]
[ 1 -2  3]
[ 2 -4  7]
vec= (5, 3, 9)
mat=
[ 1 -1 -3]
[ 0  1  2]
[ 1 -1 -2]
vec= (-1, -1, -2)
mat=
[-1 -1 -1]
[-2 -3 -2]
[ 1  4  2]
vec= (2, 6, -9)
mat=
[ 1  2 -3]
[-1 -3  5]
[ 0  2 -5]
vec= (3, 2, -8)
mat=
[ 1  2 -5]
[-2 -3  8]
[-1 -3  8]
vec= (3, 0, -2)
mat=
[ 1  0 -4]
[-3  1  8]
[-3  1  9]
vec= (4, 2, -3)
mat=
[ 1 -5  1]
[-1  6 -1]
[-2  8 -1]
vec= (-4, -2, 5)
mat=
[-1 -3 -1]
[-1 -4 -1]
[ 1  5  2]
vec= (-3, 5, -5)
mat=
[ 1  2 -9]
[-1 -1  6]
[-1  0  4]
vec= (-2, -1, -9)
mat=
[ 1  0  5]
[ 0  1  2]
[ 1 -1  4]
vec= (2, 3, -2)
mat=
[ 1  0  1]
[ 0  1 -2]
[ 1 -1  4]
vec= (-2, -5, -5)
mat=
[ 1 -1  1]
[ 0  1  1]
[ 1 -1  2]
vec= (-5, 5, 8)
mat=
[-1  0  3]
[-1 -3  7]
[-1 -2  6]
vec= (-6, 2, -3)
mat=
[ 1 -1 -1]
[ 0  1  2]
[-4  4  5]
vec= (-1, -4, -9)
mat=
[ 1 -3 -9]
[ 1 -2 -6]
[ 0 -3 -8]
vec= (-1, -3, -7)
mat=
[ 1 -2  0]
[ 0  1  1]
[-4  8  1]
vec= (-1, 1, -2)
mat=
[ 1 -3  4]
[-1  4 -7]
[-1  5 -9]
vec= (-5, -8, -8)
mat=
[-1 -2 -3]
[ 1 -1 -4]
[-1  0  2]
vec= (3, -7, 10)
mat=
[ 1  0 -4]
[ 0  1 -4]
[-1  1  1]
vec= (-5, 4, 10)
mat=
[ 1  0  3]
[-1  1  1]
[ 0  1  5]
vec= (0, 3, 5)
mat=
[ 2 -1 -8]
[-1  2  8]
[-1  0  3]
vec= (-8, 6, -5)
mat=
[-1  1  0]
[-1  0 -4]
[-1 -1 -7]
vec= (7, -3, -3)
mat=
[ 1 -1 -2]
[ 3 -2 -4]
[-3  3  7]
vec= (3, 5, 6)
mat=
[ 1  2  2]
[ 0  1  2]
[-1 -5 -7]
vec= (6, 3, -4)
mat=
[-1  1 -5]
[ 0  1 -4]
[-1 -1  2]
vec= (-2, 6, 9)
mat=
[ 0  1  2]
[-1 -1 -4]
[ 3  1  9]
vec= (7, 4, 4)
mat=
[-1 -2 -3]
[-2 -5 -8]
[ 2  2  3]
vec= (-4, -3, -1)
mat=
[-2 -2 -1]
[-5 -4 -5]
[-1 -1 -1]
vec= (4, 5, -8)
mat=
[-2 -1  6]
[ 1  0 -4]
[-2 -1  7]
vec= (7, -2, 7)
mat=
[-1  0  1]
[ 1 -1  4]
[ 1 -1  5]
vec= (3, -2, -9)
mat=
[ 1 -4  6]
[-1  5 -8]
[ 0 -1  3]
vec= (3, -1, -3)
mat=
[-3 -1 -3]
[-2 -1 -3]
[ 4  2  7]
vec= (2, 3, -5)
mat=
[-1 -2  5]
[-1 -3  6]
[-1 -3  7]
vec= (0, -1, -6)
mat=
[ 1  3  8]
[-1 -2 -5]
[ 0 -1 -2]
vec= (5, 2, -9)
mat=
[ 1  1 -4]
[-3 -2  8]
[ 0  1 -3]
vec= (-3, -1, 4)
mat=
[-1  0 -2]
[ 2 -1  9]
[-2  1 -8]
vec= (-6, 7, 9)
mat=
[ 1 -2 -6]
[ 0  1  5]
[-2  2  3]
vec= (2, 2, 9)
mat=
[ 1 -1 -7]
[ 1  1  2]
[ 0 -1 -4]
vec= (3, -2, -3)
mat=
[ 1 -1 -1]
[-2  3  6]
[-1  1  2]
vec= (-5, 1, 3)
mat=
[ 1  2  9]
[-1 -1 -4]
[ 1  1  5]
vec= (-4, -4, -9)
mat=
[ 1  2  7]
[-1 -1 -3]
[ 1  1  4]
vec= (-6, -9, -2)
mat=
[-1 -2 -3]
[-1 -1  0]
[-1 -2 -4]
vec= (8, 5, -4)
mat=
[-1 -1  2]
[ 1  0  3]
[ 1  1 -1]
vec= (6, -1, 1)
mat=
[ 1  3  6]
[-1 -2 -4]
[ 3  4  9]
vec= (-7, -4, 1)
mat=
[ 1 -2  9]
[ 0  1 -3]
[-1  1 -5]
vec= (-4, -1, 10)
mat=
[ 1  3  9]
[ 0  1  4]
[-2 -4 -9]
vec= (-5, -7, -7)
mat=
[ 1  4  3]
[-2 -7 -5]
[-1 -6 -4]
vec= (7, 5, -9)
mat=
[ 2  1  0]
[-1  0 -2]
[ 2  1  1]
vec= (7, 7, -2)
mat=
[ 1  2  5]
[-2 -3 -5]
[ 2  3  6]
vec= (6, -4, -1)
mat=
[ 1 -1 -1]
[ 1  0  1]
[ 1  2  6]
vec= (2, -1, 4)
mat=
[ 1 -3  5]
[ 0  1 -3]
[ 1 -3  6]
vec= (1, 1, -8)
mat=
[ 0 -1 -1]
[ 1 -2 -5]
[-1  3  7]
vec= (-1, 2, 1)
mat=
[ 1 -2  8]
[ 0  1 -4]
[ 1 -2  9]
vec= (-5, 1, -5)
mat=
[ 1 -1  4]
[-1 -1  3]
[ 0  1 -4]
vec= (-1, -1, 0)
mat=
[-1  0 -1]
[ 0  1 -4]
[-2 -2  5]
vec= (1, -2, -5)
mat=
[ 1 -1 -4]
[ 0  1  2]
[-1  1  5]
vec= (6, 5, 4)
mat=
[1 1 2]
[2 3 8]
[1 2 7]
vec= (-9, 1, 1)
mat=
[ 1  1 -6]
[ 0  1 -5]
[ 2  1 -6]
vec= (1, 1, -1)
mat=
[ 1  0  5]
[-1  1 -9]
[ 0 -2  9]
vec= (1, -1, 1)
mat=
[ 1 -4 -7]
[ 0  1  2]
[ 1  0  2]
vec= (4, 6, -9)
mat=
[-1 -2  3]
[-2 -5  9]
[ 2  5 -8]
vec= (-6, 1, 10)
mat=
[ 0 -1  4]
[ 1 -2  5]
[-1  3 -8]
vec= (-9, 7, -9)
mat=
[ 1  0  2]
[ 0  1  2]
[ 2 -3 -1]
vec= (-4, -10, -7)
mat=
[1 4 7]
[0 1 3]
[1 4 8]
vec= (-5, 1, 8)
mat=
[ 1  4 -7]
[-1 -3  6]
[ 2  4 -9]
vec= (-7, 9, 10)
mat=
[ 1 -1 -1]
[ 0  1  5]
[ 2 -3 -6]
vec= (-8, 8, -1)
mat=
[ 1 -2  1]
[-3  7 -5]
[ 4 -8  5]
vec= (10, 3, 2)
mat=
[ 1  0 -1]
[ 0  1  4]
[ 1  1  4]
vec= (3, -2, 0)
mat=
[-1 -3 -5]
[ 1  2  4]
[-1 -1 -2]
vec= (3, 6, -2)
mat=
[ 1  3 -5]
[ 0  1 -3]
[ 2  6 -9]
vec= (10, -10, -1)
mat=
[-3  7 -1]
[ 1 -4  1]
[-2  6 -1]
vec= (-2, 6, -7)
mat=
[-1 -1  4]
[-1  0  2]
[ 1  1 -5]
vec= (-7, -3, 9)
mat=
[-1 -1 -2]
[ 1  0 -3]
[ 0  1  6]
vec= (-10, -3, 2)
mat=
[ 1 -1 -4]
[ 1  0 -1]
[-1 -2 -4]
vec= (-4, -3, -2)
mat=
[ 1  1  1]
[-1  2  7]
[ 0 -2 -5]
vec= (1, 3, 1)
mat=
[-2  3  1]
[ 2 -5 -2]
[-1  2  1]
vec= (-3, 5, 7)
mat=
[ 1 -2 -7]
[ 2 -3 -9]
[ 1 -2 -6]
vec= (1, 3, 9)
mat=
[ 0  1  2]
[-1 -4 -6]
[-1 -3 -3]
vec= (5, -6, -1)
mat=
[ 1 -2  2]
[ 1 -3  6]
[ 0 -2  7]
vec= (-6, 1, -8)
mat=
[-1  2  3]
[ 2 -5 -9]
[-2  3  4]
vec= (-5, -7, 3)
mat=
[1 2 1]
[0 1 3]
[2 5 6]
vec= (5, 2, 9)
mat=
[ 1  1  3]
[-2 -3 -6]
[ 0 -1 -1]
vec= (7, -8, -7)
mat=
[ 1 -2 -5]
[ 0  1  5]
[ 1 -3 -9]
vec= (-1, 1, 5)
mat=
[1 1 3]
[0 1 4]
[1 2 8]
vec= (-4, 2, 5)
mat=
[ 1  1 -7]
[ 0  1 -5]
[-1 -1  8]
vec= (-2, -6, -3)
mat=
[ 1 -1 -3]
[ 1  2  1]
[ 0 -1 -1]
vec= (3, 1, -1)
mat=
[ 1 -2  8]
[ 1 -1  5]
[ 0 -2  7]
vec= (-2, 7, 5)
mat=
[ 1  4  2]
[ 0  1  1]
[-1 -6 -3]
vec= (8, -6, -1)
mat=
[ 1  1 -8]
[-1  0  4]
[ 0 -2  9]
vec= (3, -6, 8)
mat=
[-2  1  3]
[ 3 -2 -2]
[ 4 -2 -5]
vec= (3, -8, -8)
mat=
[ 1 -4 -8]
[ 1 -3 -5]
[ 0 -1 -2]
vec= (-4, 5, -4)
mat=
[-1  2  3]
[ 0  1  5]
[ 1 -2 -4]
vec= (2, -1, 10)
mat=
[ 1  0  5]
[ 1  1  3]
[-1 -1 -2]
vec= (1, 0, -9)
mat=
[-1  1 -2]
[-1  0  2]
[ 0  1 -3]
vec= (1, -3, -6)
mat=
[ 1  2  1]
[ 0  1  2]
[-3 -6 -2]
vec= (-8, 8, -1)
mat=
[ 1 -7  5]
[ 0  1 -1]
[ 2 -8  5]
vec= (0, -1, -2)
mat=
[ 0 -1  2]
[ 1  4 -3]
[-1 -5  6]
vec= (0, -1, -3)
mat=
[-1 -1  5]
[-1  0  3]
[ 1  1 -6]
vec= (-4, -5, -2)
mat=
[ 1  5 -5]
[ 1  6 -6]
[ 2  8 -7]
vec= (6, -1, 8)
mat=
[ 1 -1  3]
[ 1 -2  4]
[ 0  2 -3]
vec= (3, 3, -8)
mat=
[ 1  2 -4]
[-3 -5  8]
[ 1  2 -3]
vec= (-3, -1, 2)
mat=
[-1  0 -1]
[ 1 -1 -4]
[ 1 -1 -3]
vec= (-7, -6, 0)
mat=
[ 1  2 -7]
[-1 -1  2]
[ 1  2 -6]
vec= (3, -2, -8)
mat=
[-3 -1 -3]
[ 4  1  3]
[ 2  1  4]
vec= (7, 6, -7)
mat=
[ 1  2 -1]
[-2 -3  2]
[ 4  8 -3]
vec= (-5, 4, 5)
mat=
[ 1 -2 -6]
[ 0  1  4]
[-2  2  5]
vec= (5, -3, -7)
mat=
[ 1 -1  1]
[-1  2 -4]
[-1  2 -3]
vec= (1, 0, 3)
mat=
[-3  1  4]
[ 2 -1 -4]
[ 3 -2 -7]
vec= (1, 0, 3)
mat=
[ 1  3 -5]
[-1 -2  5]
[ 0 -1  1]
vec= (-8, -4, -1)
mat=
[ 1  3 -6]
[-1 -2  4]
[ 2  3 -5]
vec= (9, -2, 5)
mat=
[-1  0 -1]
[ 0  1  3]
[-2  1  0]
vec= (-5, -7, -5)
mat=
[ 1  1  0]
[ 0  1  5]
[ 1  0 -4]
vec= (-7, 6, 3)
mat=
[ 1  0  3]
[ 0  1  4]
[-1 -1 -6]
vec= (1, -7, 10)
mat=
[-1  2 -4]
[ 2 -3  7]
[-2  4 -9]
vec= (4, 5, -7)
mat=
[-1  2 -4]
[ 1 -3  6]
[ 2 -3  7]
vec= (-6, -2, 7)
mat=
[ 2 -1 -7]
[ 1  0 -2]
[-2  1  8]
vec= (-1, -5, -6)
mat=
[ 1  3  9]
[-1 -2 -6]
[-1 -3 -8]
vec= (0, 3, 2)
mat=
[ 1  5 -4]
[-1 -4  3]
[-2 -8  7]
vec= (-1, -2, -9)
mat=
[ 1 -2 -6]
[ 2 -3 -8]
[-2  2  5]
vec= (0, -7, 3)
mat=
[ 1 -3  1]
[-2  7 -3]
[-2  9 -4]
vec= (5, 1, 4)
mat=
[1 1 4]
[0 1 3]
[1 0 2]
vec= (-1, -1, 6)
mat=
[ 1  1 -5]
[ 0  1 -5]
[-2 -1  6]
vec= (-3, -7, -9)
mat=
[ 1  4  7]
[-1 -3 -5]
[-1 -5 -8]
vec= (5, -4, 10)
mat=
[ 0 -1  5]
[ 1 -1  2]
[ 1 -1  3]
vec= (-6, -10, 5)
mat=
[ 0 -1  2]
[ 1  4 -7]
[ 1  3 -4]
vec= (-8, 3, -7)
mat=
[ 1  0  3]
[-3  1 -5]
[-5  2 -6]
vec= (1, -1, -4)
mat=
[-1 -2 -6]
[ 0  1  5]
[-1 -2 -7]
vec= (9, 9, 7)
mat=
[-1 -1  0]
[-1 -2  4]
[ 1  2 -3]
vec= (5, 9, 3)
mat=
[ 1  1  3]
[ 0  1 -2]
[ 1  2  2]
vec= (-5, -1, -2)
mat=
[ 1  1  3]
[-3 -2 -6]
[ 3  2  7]
vec= (-2, -1, -3)
mat=
[-1 -3  6]
[ 0  1 -3]
[ 1  3 -7]
vec= (-2, -7, -9)
mat=
[ 1  2  1]
[ 0  1  3]
[ 1  0 -4]
vec= (2, 3, 8)
mat=
[ 1 -1 -4]
[ 0  1  2]
[-1  1  5]
vec= (-1, -1, -8)
mat=
[-1 -3 -9]
[ 0  1  4]
[ 1  3  8]
vec= (-1, 0, 6)
mat=
[ 1 -1  1]
[ 0  1 -4]
[ 1 -2  6]
vec= (3, -1, 2)
mat=
[-2  1  1]
[-1  0 -1]
[ 0 -2 -5]
vec= (9, -2, -8)
mat=
[ 1 -1  2]
[ 0  1 -4]
[ 1 -2  7]
vec= (-3, -6, 4)
mat=
[-1  2 -6]
[-1  1 -5]
[-1  1 -4]
vec= (-5, -7, -6)
mat=
[ 1  0  2]
[ 0  1 -1]
[ 3  5  2]
vec= (-6, -3, -4)
mat=
[ 1  0  2]
[ 1  1 -1]
[ 1  2 -3]
vec= (-2, -2, 7)
mat=
[ 1  0  1]
[-4  1 -6]
[ 3 -1  6]
vec= (-1, 2, 1)
mat=
[ 1 -2  6]
[ 1 -1  2]
[ 2 -3  9]
vec= (7, -1, 6)
mat=
[-1  0 -1]
[-2 -7  1]
[-1 -2  0]
vec= (2, -2, 5)
mat=
[ 1 -1 -1]
[ 0  1  3]
[ 1 -1  0]
vec= (-2, -8, 3)
mat=
[ 1  2  0]
[ 3  7 -2]
[ 3  7 -1]
vec= (3, -8, 0)
mat=
[ 2 -9  1]
[-1  6  0]
[ 1 -4  1]
vec= (-6, 5, -10)
mat=
[ 1 -3  7]
[ 0  1 -3]
[ 2 -4  9]
vec= (-5, -4, 1)
mat=
[-2 -1 -1]
[-3 -2  1]
[-3 -2  2]
vec= (4, 8, -7)
mat=
[ 1  1  1]
[ 0  1 -3]
[-1 -1  0]
vec= (-9, 5, -6)
mat=
[ 0 -1  2]
[ 1  2 -4]
[-4 -3  7]
vec= (4, -1, -1)
mat=
[ 1  5  8]
[-1 -4 -6]
[ 1  3  5]
vec= (9, -8, 0)
mat=
[ 2 -5 -1]
[ 1 -3 -1]
[ 1 -1  0]
vec= (2, -2, 9)
mat=
[ 1  2  6]
[-1 -3 -6]
[ 0 -2 -1]
vec= (-3, -6, -1)
mat=
[ 0 -1  2]
[ 1 -1  4]
[-1  2 -5]
vec= (-9, 2, -8)
mat=
[-2  1  1]
[-1  0 -1]
[ 1 -1 -1]
vec= (-7, -8, -1)
mat=
[-1 -3  7]
[ 0  1 -4]
[ 2  4 -7]
vec= (-1, -4, -5)
mat=
[ 1 -5  0]
[ 1 -4  1]
[ 0 -2 -1]
vec= (7, 3, 10)
mat=
[ 1  1  2]
[ 3  4  6]
[-4 -4 -7]
vec= (6, 5, 6)
mat=
[ 1 -5 -9]
[ 1 -1 -2]
[ 0 -3 -5]
vec= (-1, -4, 8)
mat=
[ 1  1 -7]
[-1 -1  6]
[ 0  1 -1]
vec= (-6, 0, -1)
mat=
[-2 -1 -6]
[ 0  1  5]
[-1  0 -1]
vec= (-10, -9, -10)
mat=
[-1 -1 -1]
[-1 -1 -2]
[-2 -3 -8]
vec= (-7, -5, 6)
mat=
[-2  0 -1]
[ 0  1 -2]
[ 1  1 -2]
vec= (1, 2, 2)
mat=
[ 1  2  6]
[ 0  1  5]
[-1 -1  0]
vec= (-4, -5, 5)
mat=
[ 2  1  3]
[ 1  1  0]
[-5 -2 -8]
vec= (3, 4, -7)
mat=
[ 1  2 -3]
[-3 -5  5]
[ 4  7 -7]
vec= (-9, -10, -7)
mat=
[-1 -1 -1]
[ 2  1  6]
[ 2  2  3]
vec= (-5, 2, 0)
mat=
[ 1  0 -1]
[ 1 -2  4]
[ 0  1 -3]
vec= (-1, -1, 7)
mat=
[ 2 -1  3]
[ 1  0 -1]
[ 1 -1  5]
vec= (2, 3, -1)
mat=
[-2  1 -7]
[ 0  1 -2]
[ 1 -1  4]
vec= (-5, 1, -3)
mat=
[ 1 -2 -4]
[ 0  1  2]
[ 1  1  3]
vec= (-1, 3, 6)
mat=
[ 1 -2 -7]
[ 0  1  2]
[ 1  1  0]
vec= (-6, 4, -9)
mat=
[ 1 -1  3]
[ 2 -3  7]
[ 0  1 -2]
vec= (-7, -6, 8)
mat=
[-1 -1  1]
[-2 -3  5]
[ 3  5 -8]
vec= (4, 5, 4)
mat=
[-1  1  1]
[-1  6  5]
[-2  6  5]
vec= (-5, -1, 9)
mat=
[ 0 -1  3]
[ 1  2 -8]
[-1 -2  9]
vec= (-6, -1, -3)
mat=
[-1  4  3]
[-2  7  5]
[-1 -1 -1]
vec= (-1, -2, -7)
mat=
[ 1 -3  8]
[ 0  1 -2]
[-1  4 -9]
vec= (-1, -3, 8)
mat=
[-1 -1  1]
[-1 -2  4]
[ 1  1  0]
vec= (7, 7, -1)
mat=
[ 1 -1  9]
[ 0  1 -4]
[-1  0 -4]
vec= (-3, 1, 3)
mat=
[ 1 -1 -1]
[ 0  1  3]
[ 1 -3 -6]
vec= (3, 4, -8)
mat=
[ 0  1  1]
[-1  2  6]
[-1  2  7]
vec= (4, -4, 5)
mat=
[ 0 -1  4]
[ 1 -2  4]
[-1  2 -3]
vec= (-5, -4, 7)
mat=
[ 1  1  0]
[ 0  1  3]
[ 1 -1 -5]
vec= (4, 3, 8)
mat=
[-2 -1  1]
[-3 -2 -1]
[-2 -1  2]
vec= (-8, 8, -5)
mat=
[-1  1 -1]
[ 0  1  3]
[ 1 -2 -3]
vec= (1, 2, 4)
mat=
[-1  0  1]
[ 1 -1 -5]
[ 0  2  9]
vec= (0, -2, 3)
mat=
[ 1 -2  7]
[ 1 -1  2]
[ 0  1 -4]
vec= (1, 1, 6)
mat=
[ 1  1  1]
[ 5  6  9]
[-5 -6 -8]
vec= (1, 1, -5)
mat=
[ 1  1 -9]
[-1  0  4]
[ 0 -1  6]
vec= (3, 2, 5)
mat=
[-1 -1 -1]
[ 0  1 -3]
[-2 -1 -6]
vec= (-1, 6, 8)
mat=
[-1  1  3]
[ 0  1  2]
[ 1 -1 -4]
vec= (-1, -5, 5)
mat=
[ 1  4 -1]
[-1 -3  2]
[-2 -8  3]
vec= (2, 3, 6)
mat=
[ 1  0 -5]
[ 1  1  0]
[ 1 -1 -9]
vec= (9, -7, -9)
mat=
[ 1 -5 -2]
[-1  6  2]
[ 1  0 -1]
vec= (4, -1, 8)
mat=
[ 1 -1  4]
[ 0  1 -3]
[-1  3 -9]
vec= (-4, 2, 1)
mat=
[ 1  2 -9]
[-1 -1  5]
[ 0  2 -7]
vec= (-7, 5, 2)
mat=
[-2  1  4]
[-1  0  4]
[ 0 -1  5]
vec= (2, 2, 1)
mat=
[1 1 4]
[0 1 3]
[1 0 2]
vec= (0, 5, -2)
mat=
[ 1 -3  8]
[ 0  1 -1]
[ 1 -3  9]
vec= (-9, 5, -10)
mat=
[ 1  0  4]
[-1  1  0]
[-4  2 -7]
vec= (-3, 1, 1)
mat=
[ 1 -3 -7]
[ 1 -2 -4]
[ 1 -3 -6]
vec= (2, -2, 5)
mat=
[ 0 -1 -3]
[ 1 -2 -5]
[ 1 -2 -4]
vec= (-7, 6, -10)
mat=
[ 2 -1  7]
[-1  1 -2]
[-1  1 -1]
vec= (-3, -1, -10)
mat=
[ 0 -1 -1]
[ 1 -4 -3]
[ 1 -1  1]
vec= (-4, 1, 4)
mat=
[-1  1 -1]
[-2 -1  8]
[ 1  0 -2]
vec= (2, 1, 6)
mat=
[ 2  1  4]
[ 0  1 -3]
[-1 -1  0]
vec= (2, 3, 7)
mat=
[-1  2  2]
[ 2 -5 -6]
[-4  8  9]
vec= (10, -9, 9)
mat=
[ 1 -1  0]
[ 0  1  5]
[ 1  0  6]
vec= (0, -1, -6)
mat=
[ 3 -1  7]
[-2  1 -3]
[ 4 -2  7]
vec= (4, 7, -3)
mat=
[-1  0 -2]
[ 2 -1  6]
[ 1  1  1]
vec= (1, -1, -7)
mat=
[-1 -1  1]
[-1 -2 -2]
[-1 -1  2]
vec= (3, 7, 3)
mat=
[ 1 -1  1]
[ 3 -2  4]
[-4  2 -5]
vec= (8, -6, 9)
mat=
[ 1  0 -1]
[ 0  1 -4]
[-1  1 -2]
vec= (2, -2, 3)
mat=
[-1  2  9]
[ 2 -3 -9]
[-1  2  8]
vec= (-6, 9, -1)
mat=
[-1  1  3]
[ 0  1 -4]
[-1  0  6]
vec= (-4, -2, 3)
mat=
[ 1 -2  3]
[ 1 -1  1]
[-1  3 -4]
vec= (-2, 5, 5)
mat=
[-1  0 -2]
[-1 -1 -4]
[-2 -3 -9]
vec= (3, -6, 10)
mat=
[ 1  1  1]
[-1 -4  1]
[ 0 -2  1]
vec= (3, 2, -6)
mat=
[ 4  3 -1]
[ 1  1  1]
[-2 -2 -1]
vec= (3, -5, 9)
mat=
[ 1  0  5]
[ 0  1  1]
[ 1 -1  5]
vec= (8, 1, 9)
mat=
[ 1 -4 -4]
[-2  9  9]
[ 2 -5 -4]
vec= (3, -2, 10)
mat=
[-2 -1  3]
[ 0  1 -4]
[-1  0 -1]
vec= (-5, 4, 0)
mat=
[ 1 -2  2]
[ 0  1 -2]
[ 3 -5  5]
vec= (-4, -8, -5)
mat=
[ 1  1 -2]
[ 0  1  2]
[ 2  3 -1]
vec= (-9, -10, 8)
mat=
[-1  0 -4]
[-2 -1 -3]
[ 3  2  3]
vec= (8, 3, 5)
mat=
[ 3  1  0]
[-2 -1 -3]
[-1  0  2]
vec= (3, -9, 7)
mat=
[ 0 -1  1]
[ 1 -2  1]
[ 3 -8  6]
vec= (5, 6, -2)
mat=
[-1 -2 -3]
[ 1  1 -1]
[ 0  1  5]
vec= (4, 3, 5)
mat=
[-1 -1  2]
[ 0  1 -4]
[-1 -2  5]
vec= (0, -3, -10)
mat=
[1 5 9]
[1 5 8]
[0 1 3]
vec= (-1, 1, 4)
mat=
[-2 -1 -6]
[ 1  0  4]
[ 1  1  3]
vec= (-1, 0, 3)
mat=
[-1  1 -1]
[ 2 -3  6]
[ 3 -4  8]
vec= (-7, -1, 6)
mat=
[ 2 -1  2]
[-1  1 -3]
[-1  2 -6]
vec= (7, 3, -4)
mat=
[-2 -1  2]
[-1 -1  3]
[ 1  0  2]
vec= (-1, -5, 2)
mat=
[ 1  6 -2]
[ 0  1 -1]
[-2 -9  2]
vec= (3, -2, 1)
mat=
[ 1  2 -9]
[-1 -1  5]
[ 1  2 -8]
vec= (3, -7, -9)
mat=
[ 1 -5 -5]
[-1  6  6]
[ 0 -4 -3]
vec= (0, 3, -7)
mat=
[-3 -1  9]
[-2 -1  6]
[-2 -1  7]
vec= (2, -1, -5)
mat=
[-1  0 -3]
[ 1 -1 -2]
[-1  1  3]
vec= (2, -1, 3)
mat=
[-1  0  1]
[ 1 -2  4]
[ 2 -3  6]
vec= (3, -2, 0)
mat=
[-1  1  1]
[ 1 -2 -5]
[ 1 -3 -8]
vec= (1, 8, -2)
mat=
[ 1 -1 -1]
[ 1  0 -1]
[-1 -1  2]
vec= (-5, -7, 4)
mat=
[ 0 -1 -1]
[ 1  3 -1]
[ 1  1 -2]
vec= (3, 1, 2)
mat=
[-1  2  5]
[-2  3  7]
[ 1 -3 -7]
vec= (2, 3, -2)
mat=
[ 1  1 -1]
[ 0  1  4]
[ 1  2  4]
vec= (-1, -1, -1)
mat=
[-1  0 -3]
[ 1 -1  5]
[-2  2 -9]
vec= (1, 1, -2)
mat=
[-2  6 -1]
[-1  1  1]
[ 1 -2  0]
vec= (-1, 1, 0)
mat=
[ 0  1  2]
[-1  5  9]
[ 1 -5 -8]
vec= (6, -4, 5)
mat=
[ 1  3 -9]
[ 1  1 -4]
[ 0  1 -3]
vec= (-6, 1, 6)
mat=
[-1  0  1]
[ 1 -1 -4]
[-2  1  6]
vec= (7, 7, -3)
mat=
[-2 -2  1]
[ 2  1  4]
[-3 -2 -3]
vec= (3, 0, -10)
mat=
[ 1  0 -2]
[-3  1  2]
[-4  1  5]
vec= (-5, -4, 7)
mat=
[-1 -1  2]
[-2 -3  6]
[ 3  3 -5]
vec= (-1, 0, 5)
mat=
[-1 -2 -1]
[-1 -3 -4]
[ 0  1  4]
vec= (4, 0, -5)
mat=
[ 1 -1  2]
[-2  3 -9]
[-1  2 -6]
vec= (9, 3, 8)
mat=
[ 1  1 -1]
[ 0  1 -3]
[-3 -3  4]
vec= (-3, -1, 0)
mat=
[-1  2  7]
[ 0  1  3]
[-1  2  6]
vec= (1, 4, 9)
mat=
[ 1  1 -1]
[-3 -2  5]
[-4 -2  9]
