------------------------ Test data for 2022/05/23 03:31:06 ------------------------
::::::::::::::::::::::::
f(-1, -1, -3)=(9, 4, 2)
f(0, 1, 4)=(-6, -7, -5)
f(-1, -1, -4)=(7, 7, 4)


::::::::::::::::::::::::
f(1, 0, 1)=(-5, 3, 2)
f(0, 1, -2)=(4, -4, 8)
f(-1, 1, -2)=(4, -3, 1)


::::::::::::::::::::::::
f(-1, -1, -3)=(6, 9, 7)
f(1, 0, -2)=(5, -2, 4)
f(0, -1, -4)=(7, 6, 8)


::::::::::::::::::::::::
f(1, -2, -3)=(-1, -4, 9)
f(2, -3, -4)=(-5, -4, 5)
f(3, -4, -4)=(-7, -9, -8)


::::::::::::::::::::::::
f(1, -3, 7)=(-7, 0, 7)
f(0, 1, -3)=(7, -6, -6)
f(1, -2, 5)=(-1, -1, 4)


::::::::::::::::::::::::
f(0, 1, -2)=(2, 3, -2)
f(-1, -1, -1)=(-4, -3, 7)
f(1, -1, 6)=(-4, 1, -6)


::::::::::::::::::::::::
f(1, -1, 2)=(7, 0, 8)
f(1, -2, 4)=(7, 4, 7)
f(0, 2, -5)=(-7, -6, 0)


::::::::::::::::::::::::
f(1, 2, -7)=(6, -5, 3)
f(-1, -1, 2)=(5, 6, -2)
f(-1, -2, 8)=(-9, 5, -5)


::::::::::::::::::::::::
f(0, 1, -2)=(8, 1, -8)
f(-1, -2, 4)=(-4, 4, 1)
f(1, 3, -5)=(7, -7, -5)


::::::::::::::::::::::::
f(1, 1, 3)=(-2, 2, 5)
f(0, 1, 5)=(-8, -9, 5)
f(1, 1, 4)=(-6, 2, 8)


::::::::::::::::::::::::
f(-1, -3, -2)=(6, 6, -4)
f(-3, -8, -4)=(9, -5, 6)
f(2, 6, 3)=(-4, 0, -7)


::::::::::::::::::::::::
f(1, 2, 3)=(7, 2, 4)
f(0, 1, 1)=(3, -1, -4)
f(1, 4, 6)=(2, -6, -3)


::::::::::::::::::::::::
f(1, 3, 1)=(-6, -9, -7)
f(0, 1, 1)=(0, 3, 3)
f(1, 6, 5)=(4, 3, 6)


::::::::::::::::::::::::
f(1, -1, 6)=(3, 3, -6)
f(0, 1, -4)=(-7, -1, 1)
f(-1, 1, -5)=(2, -4, 7)


::::::::::::::::::::::::
f(1, 3, 2)=(2, 3, 4)
f(1, 4, 2)=(4, 2, -3)
f(1, 4, 3)=(-5, -2, 2)


::::::::::::::::::::::::
f(1, -3, 7)=(-7, 3, -3)
f(1, -2, 4)=(-1, -1, 4)
f(-1, 2, -3)=(-5, 1, -9)


::::::::::::::::::::::::
f(1, -8, -4)=(3, -7, 2)
f(-1, 3, 1)=(-2, 3, -7)
f(0, 2, 1)=(1, 1, 0)


::::::::::::::::::::::::
f(-2, 1, 3)=(-6, -1, -4)
f(1, -1, -3)=(-6, 0, 7)
f(1, -1, -2)=(0, -3, 4)


::::::::::::::::::::::::
f(3, 2, -2)=(-6, 3, -4)
f(1, 1, 1)=(1, 1, 5)
f(-1, -1, 0)=(-1, -3, 1)


::::::::::::::::::::::::
f(0, 1, 2)=(6, 2, -4)
f(-1, -3, -5)=(-8, -8, 2)
f(1, 2, 4)=(4, 6, 7)


