------------------------ New data for 2022/05/23 03:31:00 ------------------------
=======================
v vectors =  [(-1, -1, -3), (0, 1, 4), (-1, -1, -4)]
w vectors =  [(9, 4, 2), (-6, -7, -5), (7, 7, 4)]
F matrix =
[ -1   0   1]
[-14   5   3]
[  2  -3  -2]
=======================
v vectors =  [(1, 1, 5), (-2, -1, -6), (2, 1, 7)]
w vectors =  [(3, 7, -7), (-6, -7, 8), (9, 8, -8)]
F matrix =
[  0  -1  -1]
[-12   3  -6]
[  3   1   0]
=======================
v vectors =  [(1, 2, -6), (-1, -1, 3), (0, -1, 4)]
w vectors =  [(-1, -3, -3), (6, 6, 0), (-2, -6, 9)]
F matrix =
[-11  -9   3]
[ 14  -6  15]
[  3  -3   6]
=======================
v vectors =  [(1, 2, -5), (0, 1, -2), (-1, -2, 6)]
w vectors =  [(4, 7, -2), (-1, 2, -9), (-7, -6, 1)]
F matrix =
[  3   4  15]
[ -7   4 -11]
[ -3   1  -1]
=======================
v vectors =  [(1, 1, 3), (0, 1, 5), (1, 1, 4)]
w vectors =  [(-2, 2, 5), (-8, -9, 5), (-6, 2, 8)]
F matrix =
[ -2  11   6]
[ 12  -9 -10]
[ -4   0   3]
=======================
v vectors =  [(1, 3, -4), (-1, -2, 3), (-2, -3, 6)]
w vectors =  [(-6, -1, -5), (1, 2, 0), (3, -6, -4)]
F matrix =
[ 15 -15  11]
[  1 -10  -4]
[  6 -11   1]
=======================
v vectors =  [(-1, 1, 2), (-1, 0, 4), (-1, 1, 3)]
w vectors =  [(3, 2, 1), (-9, 6, -8), (2, 3, -3)]
F matrix =
[ 5 -2 -8]
[10 -2  1]
[-1  1 -4]
=======================
v vectors =  [(3, 2, -2), (1, 1, 1), (-1, -1, 0)]
w vectors =  [(-6, 3, -4), (1, 1, 5), (-1, -3, 1)]
F matrix =
[ -8  -7  10]
[  9  10 -11]
[  0  -2   6]
=======================
v vectors =  [(-1, -3, -2), (-3, -8, -4), (2, 6, 3)]
w vectors =  [(6, 6, -4), (9, -5, 6), (-4, 0, -7)]
F matrix =
[-11  15  10]
[  7   1 -12]
[ -8 -12  15]
=======================
v vectors =  [(1, -3, 7), (0, 1, -3), (1, -2, 5)]
w vectors =  [(-7, 0, 7), (7, -6, -6), (-1, -1, 4)]
F matrix =
[12 -8 -5]
[ 4  9  3]
[-1  5  3]
=======================
v vectors =  [(1, 3, 6), (1, 3, 7), (0, -1, -3)]
w vectors =  [(6, 4, -8), (3, 5, -5), (-1, -4, 4)]
F matrix =
[ -6  -5  13]
[ 10   1 -13]
[ -3   1   3]
=======================
v vectors =  [(1, -1, 6), (0, 1, -4), (-1, 1, -5)]
w vectors =  [(3, 3, -6), (-7, -1, 1), (2, -4, 7)]
F matrix =
[-14   4  -7]
[ 13  -5   5]
[  5  -1   1]
=======================
v vectors =  [(-1, 0, -2), (1, -1, 3), (1, -1, 4)]
w vectors =  [(5, -3, 0), (4, 2, -2), (-1, 4, -4)]
F matrix =
[  5  -1   4]
[-14   3   0]
[ -5   2  -2]
=======================
v vectors =  [(1, 4, 5), (1, 5, 7), (-1, -6, -8)]
w vectors =  [(5, 1, 3), (3, 0, 6), (-1, 4, -4)]
F matrix =
[13 14  6]
[-2 -7 -7]
[ 0  3  5]
=======================
v vectors =  [(-2, -1, -1), (-1, -1, 1), (-1, 0, -1)]
w vectors =  [(-4, -6, 3), (6, 0, 4), (-9, -4, -3)]
F matrix =
[  8   2   5]
[-13   0 -11]
[  1   2  -2]
=======================
v vectors =  [(1, 1, 6), (1, 2, 8), (-1, 0, -3)]
w vectors =  [(-3, 0, 8), (-3, 3, 7), (0, 5, -3)]
F matrix =
[  9 -11 -15]
[  6  -1 -13]
[ -3   2   6]
=======================
v vectors =  [(1, 2, -7), (-1, -1, 2), (-1, -2, 8)]
w vectors =  [(6, -5, 3), (5, 6, -2), (-9, 5, -5)]
F matrix =
[-7 -7  7]
[-4  1 -9]
[-3  0 -2]
=======================
v vectors =  [(-1, -1, -3), (1, 0, -2), (0, -1, -4)]
w vectors =  [(6, 9, 7), (5, -2, 4), (7, 6, 8)]
F matrix =
[-3 -4 -2]
[ 9 -2  4]
[-4 -1 -3]
=======================
v vectors =  [(1, 0, 2), (-1, 1, 0), (2, 1, 7)]
w vectors =  [(-1, 1, -1), (-1, 8, 6), (-8, 8, 8)]
F matrix =
[  7   7 -11]
[  6  15  -5]
[ -4  -3   5]
=======================
v vectors =  [(1, 3, 2), (1, 4, 2), (1, 4, 3)]
w vectors =  [(2, 3, 4), (4, 2, -3), (-5, -2, 2)]
F matrix =
[14 14 15]
[ 2 -1 -7]
[-9 -4  5]
=======================
v vectors =  [(1, -1, -3), (2, -1, -3), (-1, -2, -5)]
w vectors =  [(-1, 5, 4), (-1, 7, 7), (-6, 8, 0)]
F matrix =
[  0   2   3]
[ 13 -15  -4]
[ -4   4   1]
=======================
v vectors =  [(1, 2, 3), (0, 1, 1), (1, 4, 6)]
w vectors =  [(7, 2, 4), (3, -1, -4), (2, -6, -3)]
F matrix =
[ 12  10  11]
[ 14   5  -5]
[-11  -6   1]
=======================
v vectors =  [(0, 1, -1), (-1, -3, 3), (1, 3, -2)]
w vectors =  [(5, 4, 4), (-8, 0, 1), (2, 2, 6)]
F matrix =
[ -7 -12 -13]
[ -1   6  11]
[ -6   2   7]
=======================
v vectors =  [(0, -1, -1), (1, 5, 3), (-1, -5, -2)]
w vectors =  [(-7, 0, -5), (6, -2, 0), (8, 9, 6)]
F matrix =
[ -1  12 -13]
[ -7  -7  -1]
[ 14   7   6]
=======================
v vectors =  [(-1, 2, -2), (2, -5, 7), (1, -2, 3)]
w vectors =  [(2, -2, 4), (0, 2, -5), (4, -1, -5)]
F matrix =
[ 14  -6 -14]
[ 14  -7  -6]
[  6  -3  -1]
=======================
v vectors =  [(-2, 1, 3), (1, -1, -3), (1, -1, -2)]
w vectors =  [(-6, -1, -4), (-6, 0, 7), (0, -3, 4)]
F matrix =
[12  1 -3]
[ 0 10 -1]
[ 6 -3 -3]
=======================
v vectors =  [(3, 2, -4), (2, 1, -4), (1, 1, -1)]
w vectors =  [(-6, 5, 9), (-1, 9, 4), (-3, -1, 7)]
F matrix =
[-4  1 -9]
[-1 -5 14]
[-2 -3 -2]
=======================
v vectors =  [(1, -4, 7), (1, -3, 6), (0, -2, 3)]
w vectors =  [(6, 2, 6), (8, 1, -1), (2, 2, 8)]
F matrix =
[ -4  -2  -4]
[  8  -1 -13]
[  6   0  -6]
=======================
v vectors =  [(0, 1, 1), (-1, -1, -3), (1, 3, 6)]
w vectors =  [(6, 7, -3), (6, 4, -9), (4, 7, 3)]
F matrix =
[-8 -5 12]
[ 8 10 -3]
[-2 -3  0]
=======================
v vectors =  [(1, -3, -3), (1, -2, -1), (1, -3, -2)]
w vectors =  [(3, 9, 1), (5, 0, 6), (9, 1, 3)]
F matrix =
[ -9   6  10]
[-10   7   1]
[  6  -8   2]
=======================
v vectors =  [(-1, 0, 2), (1, -1, 3), (-1, 1, -2)]
w vectors =  [(1, -7, -5), (-3, 9, 8), (5, -6, -8)]
F matrix =
[ 3 13  5]
[12 13 -3]
[ 2  3  0]
=======================
v vectors =  [(1, 2, 1), (1, 0, -2), (0, -1, -2)]
w vectors =  [(-1, -1, 6), (-6, -4, 7), (-5, -4, 1)]
F matrix =
[ 4  6  5]
[-5 -6  1]
[ 5  5 -1]
=======================
v vectors =  [(1, 4, 6), (1, 5, 7), (0, -2, -1)]
w vectors =  [(4, -5, -2), (3, -5, -1), (9, 2, -5)]
F matrix =
[-6 -9  0]
[-8 -2  4]
[ 7  2 -3]
=======================
v vectors =  [(-1, -1, 2), (-1, -2, 4), (0, -1, 3)]
w vectors =  [(5, 5, -4), (-3, 9, -4), (-7, 9, 5)]
F matrix =
[-13  -1   4]
[ 10   6  10]
[  1   5   5]
=======================
v vectors =  [(1, 0, 1), (0, 1, -2), (-1, 1, -2)]
w vectors =  [(-5, 3, 2), (4, -4, 8), (4, -3, 1)]
F matrix =
[ 0 -1  7]
[-6  4 -2]
[-5  4 -5]
=======================
v vectors =  [(1, 2, -5), (0, 1, -2), (-1, 0, 2)]
w vectors =  [(9, 9, -7), (5, 3, -1), (-4, -7, 4)]
F matrix =
[-6 -1 -6]
[-5 -5 -3]
[-5 -4 -1]
=======================
v vectors =  [(1, -2, -3), (2, -3, -4), (3, -4, -4)]
w vectors =  [(-1, -4, 9), (-5, -4, 5), (-7, -9, -8)]
F matrix =
[-9  9 -8]
[-7 14  5]
[ 2 -5 -9]
=======================
v vectors =  [(1, -1, -4), (1, 0, -1), (3, -2, -8)]
w vectors =  [(0, -7, -6), (-3, -1, 7), (-4, -9, -2)]
F matrix =
[ -4   5  10]
[  0 -12   4]
[ -1   6   3]
=======================
v vectors =  [(1, -8, -4), (-1, 3, 1), (0, 2, 1)]
w vectors =  [(3, -7, 2), (-2, 3, -7), (1, 1, 0)]
F matrix =
[ 7 -3  2]
[ 4 -1 -5]
[-7  3 10]
=======================
v vectors =  [(1, -1, -6), (1, 0, -2), (2, -1, -7)]
w vectors =  [(4, 8, 1), (3, 3, 8), (9, 6, 9)]
F matrix =
[ 7 -7  8]
[-9 15  7]
[ 2 -5  0]
=======================
v vectors =  [(1, -3, -2), (2, -5, -2), (1, -4, -3)]
w vectors =  [(-7, -3, -5), (-9, 6, -7), (-9, -3, -9)]
F matrix =
[ -4 -15   8]
[ -1 -12   5]
[  3  12  -1]
=======================
v vectors =  [(1, -1, 2), (1, -2, 4), (0, 2, -5)]
w vectors =  [(7, 0, 8), (7, 4, 7), (-7, -6, 0)]
F matrix =
[ 7 -4  9]
[14 -8  5]
[ 7 -2  2]
=======================
v vectors =  [(0, 1, -2), (-1, -2, 4), (1, 3, -5)]
w vectors =  [(8, 1, -8), (-4, 4, 1), (7, -7, -5)]
F matrix =
[-12  -6  15]
[ -2  -7   0]
[ -5  -4   4]
=======================
v vectors =  [(-1, 1, 1), (1, -2, -3), (-1, 2, 4)]
w vectors =  [(-5, -3, -4), (3, 1, -4), (-3, -3, 5)]
F matrix =
[ 7  7 11]
[ 2  6  6]
[ 0 -2  1]
=======================
v vectors =  [(1, 0, -4), (0, 1, 3), (-1, -1, 2)]
w vectors =  [(8, 8, 8), (-1, -5, -9), (-9, -4, -3)]
F matrix =
[ 0  4 -8]
[ 5 -2  3]
[-2 -1 -4]
=======================
v vectors =  [(0, 1, 1), (1, 2, 8), (1, 0, 5)]
w vectors =  [(-5, -7, 6), (-6, -4, 6), (3, 8, -7)]
F matrix =
[ -2  -2 -12]
[ -6  -9   5]
[  1   2   1]
=======================
v vectors =  [(0, 1, 2), (-1, -3, -5), (1, 2, 4)]
w vectors =  [(6, 2, -4), (-8, -8, 2), (4, 6, 7)]
F matrix =
[ -8   2  15]
[  2   2 -14]
[  2   0   5]
=======================
v vectors =  [(0, 1, -2), (-1, -1, -1), (1, -1, 6)]
w vectors =  [(2, 3, -2), (-4, -3, 7), (-4, 1, -6)]
F matrix =
[ 14 -12   4]
[ -6  11  -8]
[ -4   4  -3]
=======================
v vectors =  [(1, 5, 4), (0, 1, 1), (-1, -8, -6)]
w vectors =  [(-6, 4, 7), (-1, -1, -2), (5, 3, -9)]
F matrix =
[-5 13  9]
[ 3 -5  6]
[-4  4 -8]
=======================
v vectors =  [(1, -3, 7), (1, -2, 4), (-1, 2, -3)]
w vectors =  [(-7, 3, -3), (-1, -1, 4), (-5, 1, -9)]
F matrix =
[ -1  -9   8]
[-12  -4  -8]
[ -6   0  -5]
=======================
v vectors =  [(1, 3, 1), (0, 1, 1), (1, 6, 5)]
w vectors =  [(-6, -9, -7), (0, 3, 3), (4, 3, 6)]
F matrix =
[ 14 -12  -8]
[-10   0  -1]
[ 10   3   4]
------------------------ New data for 2022/05/30 13:09:47 ------------------------
=======================
v vectors =  [(1, -1, 1), (0, 1, -2), (1, -2, 4)]
w vectors =  [(0, 3, 2), (-6, 4, -2), (7, 4, 2)]
F matrix =
[-5 12 -2]
[-4 14 -6]
[ 1  5 -2]
=======================
v vectors =  [(1, -1, -6), (1, 0, -3), (1, -1, -5)]
w vectors =  [(3, -1, 1), (3, 1, 0), (5, -4, -2)]
F matrix =
[ 9 -8 -9]
[-6 11  8]
[ 2 -3 -3]
=======================
v vectors =  [(1, -1, 3), (-1, 2, -5), (0, 1, -1)]
w vectors =  [(6, 3, 8), (-5, 2, -1), (1, -2, 9)]
F matrix =
[ 7 15 13]
[ 1 -9 11]
[ 0 -7  2]
=======================
v vectors =  [(1, -4, -3), (1, -3, -2), (2, -8, -5)]
w vectors =  [(-1, -7, 2), (-2, -1, -1), (4, -8, -7)]
F matrix =
[-11  11   1]
[ -7   0   8]
[  6   6 -11]
=======================
v vectors =  [(-1, 1, 0), (1, -2, 3), (2, -3, 4)]
w vectors =  [(1, 1, -5), (0, 5, -4), (2, 5, -6)]
F matrix =
[  7  -4  -7]
[  8  -3 -12]
[  3   1  -7]
=======================
v vectors =  [(1, 2, -6), (0, 1, -3), (-1, -1, 4)]
w vectors =  [(-3, 0, 8), (-7, -1, 1), (-1, 2, -8)]
F matrix =
[11  2  6]
[ 2  8 -2]
[ 3  3 -1]
=======================
v vectors =  [(2, 4, 3), (2, 5, 6), (-1, -2, -1)]
w vectors =  [(4, -9, 8), (2, -4, 6), (-3, 5, -5)]
F matrix =
[ -3 -10  -1]
[  4   2   4]
[ -2   1  -2]
=======================
v vectors =  [(-1, -4, 4), (1, 3, -4), (1, 3, -3)]
w vectors =  [(4, 4, 1), (8, -9, 3), (-4, -1, -1)]
F matrix =
[ -4   8  -1]
[-12   5  -4]
[-12   8  -4]
=======================
v vectors =  [(1, -2, 8), (0, 1, -3), (-1, 0, -1)]
w vectors =  [(-8, 8, 3), (2, -7, -3), (3, 9, 2)]
F matrix =
[ -2 -12  -1]
[ -1   2  -6]
[ -1   3  -1]
=======================
v vectors =  [(7, 4, 2), (-2, -1, 0), (-1, -1, -1)]
w vectors =  [(4, 5, -1), (-5, -8, -6), (2, 5, 5)]
F matrix =
[ -2  -1  -3]
[  9  10  12]
[ -9 -14 -14]
=======================
v vectors =  [(1, -2, -5), (-1, 3, 7), (0, 3, 7)]
w vectors =  [(5, 0, -6), (-6, -4, 6), (-1, -9, -2)]
F matrix =
[  5  -5  -8]
[ -5 -10   4]
[  2   3  -2]
=======================
v vectors =  [(1, -2, 4), (0, 1, -2), (-1, 2, -3)]
w vectors =  [(-2, -2, 0), (1, 5, 1), (-2, -8, -2)]
F matrix =
[  0   8   2]
[ -7 -15  -3]
[ -4 -10  -2]
=======================
v vectors =  [(1, 3, -6), (0, 1, -3), (-1, -3, 7)]
w vectors =  [(-6, -3, 5), (-3, 3, 5), (5, -1, -5)]
F matrix =
[  6   0 -10]
[ -6  -9   5]
[ -1  -4   0]
=======================
v vectors =  [(1, -2, 1), (3, 7, 0), (0, -4, 1)]
w vectors =  [(1, -2, -5), (2, 6, -8), (0, -3, -1)]
F matrix =
[  3  -5 -12]
[ -1   3   4]
[ -4   9  15]
=======================
v vectors =  [(3, -5, 7), (-1, 2, -2), (3, -5, 8)]
w vectors =  [(1, 4, -9), (-3, -4, 9), (0, -1, -3)]
F matrix =
[-9  8  3]
[-7 -3 12]
[-1 -5  6]
=======================
v vectors =  [(-1, -6, 8), (1, 5, -7), (1, 3, -4)]
w vectors =  [(-5, 5, -4), (3, -2, 3), (8, -1, 3)]
F matrix =
[11  3  2]
[11 -8  3]
[ 9 -5  2]
=======================
v vectors =  [(3, -2, 5), (-1, 1, 0), (-2, 1, -4)]
w vectors =  [(-9, 2, 8), (4, -3, -4), (7, -1, -2)]
F matrix =
[-11   6 -10]
[ -7   3 -14]
[  2  -2   2]
=======================
v vectors =  [(1, 2, 3), (-1, -1, -2), (-3, -5, -7)]
w vectors =  [(1, -4, -1), (-1, -3, 3), (8, 8, -2)]
F matrix =
[-10   7   2]
[-11 -10   9]
[ 11   3  -7]
=======================
v vectors =  [(1, -1, 3), (0, 1, -4), (-1, 1, -2)]
w vectors =  [(1, -3, 0), (-2, -9, 5), (2, 5, -2)]
F matrix =
[  2 -10   3]
[ 10  -1  -3]
[  3   2  -2]
=======================
v vectors =  [(0, 1, -2), (1, 4, -6), (1, 2, -3)]
w vectors =  [(-8, -2, 3), (-9, -2, 7), (-1, 0, 8)]
F matrix =
[  7   2   9]
[  8   2 -11]
[  8   2  -7]
=======================
v vectors =  [(1, 1, -2), (0, 1, -5), (1, 1, -1)]
w vectors =  [(-3, -7, 8), (-9, 8, 7), (-4, -8, 7)]
F matrix =
[  9 -12   4]
[-14   3   2]
[ -1  -1  -1]
=======================
v vectors =  [(1, -2, 5), (-1, 3, -5), (0, -1, 1)]
w vectors =  [(7, 1, -1), (-6, 5, 0), (-1, -5, -2)]
F matrix =
[ 9  8 12]
[ 1  6 -1]
[ 0  1 -3]
=======================
v vectors =  [(1, -1, 7), (1, 0, 4), (1, -1, 8)]
w vectors =  [(1, -4, 3), (-8, -6, 0), (2, -4, 2)]
F matrix =
[-12  -6   4]
[ -6  -2  -6]
[  1   0  -1]
=======================
v vectors =  [(1, 3, -8), (0, 1, -3), (-2, -3, 8)]
w vectors =  [(1, -8, -9), (0, -7, -5), (3, -5, 5)]
F matrix =
[-4 13  4]
[15 -7  1]
[ 5  0  2]
=======================
v vectors =  [(-1, -2, 4), (-2, -3, 7), (1, 2, -5)]
w vectors =  [(-1, 3, -3), (7, 6, -1), (-1, 1, -2)]
F matrix =
[-13 -11   3]
[ 11  -4  10]
[  2  -4   5]
=======================
v vectors =  [(-1, -1, 7), (-1, -2, 6), (-1, -2, 7)]
w vectors =  [(4, -7, 6), (7, -5, 3), (8, -7, 3)]
F matrix =
[ 7 -7 -9]
[-4  0  3]
[ 1 -2  0]
=======================
v vectors =  [(-2, 3, -4), (1, -2, 4), (-1, 3, -7)]
w vectors =  [(6, 4, 5), (0, -3, -3), (-1, 6, 7)]
F matrix =
[ 8  5 11]
[14  6 13]
[ 5  1  3]
=======================
v vectors =  [(-1, -2, 5), (0, 1, -2), (1, 2, -6)]
w vectors =  [(1, 3, 2), (-8, 1, -8), (2, -7, 0)]
F matrix =
[ 12  -1  12]
[-14   9 -12]
[ -3   4  -2]
=======================
v vectors =  [(-1, -2, -6), (-1, -1, -3), (-1, -2, -7)]
w vectors =  [(4, -1, -3), (5, 7, -6), (-1, -5, 2)]
F matrix =
[ -6 -15   9]
[-14  -4  12]
[  5   4  -5]
=======================
v vectors =  [(1, -2, 1), (0, 1, -2), (-1, 4, -4)]
w vectors =  [(-5, 4, -9), (0, -4, -9), (4, -6, 2)]
F matrix =
[-8 14  6]
[-2  8 13]
[-1  6 11]
=======================
v vectors =  [(-2, -3, -3), (1, 1, 2), (3, 5, 5)]
w vectors =  [(-2, 1, 2), (8, 4, -1), (2, -6, -4)]
F matrix =
[ 4 13  2]
[-8 -9 -1]
[ 6  0 -1]
=======================
v vectors =  [(-1, -1, -4), (1, 0, -1), (0, -1, -4)]
w vectors =  [(-2, 2, -4), (-7, 2, 6), (-5, 1, -1)]
F matrix =
[ -3  -1   3]
[-11  11  13]
[  4  -3  -3]
=======================
v vectors =  [(1, -2, 3), (0, 1, -2), (-4, 3, -1)]
w vectors =  [(-6, -3, 5), (4, 2, -3), (-5, -3, 2)]
F matrix =
[ -7  -4   6]
[-14  -8  11]
[ -9  -5   7]
=======================
v vectors =  [(-1, 3, -8), (0, 1, -3), (1, -3, 7)]
w vectors =  [(-9, 2, 4), (-2, 7, 5), (8, 2, -6)]
F matrix =
[ 4 15 13]
[ 1 -5 11]
[ 1 -4  2]
=======================
v vectors =  [(-1, -2, 2), (-1, -3, 4), (0, -2, 5)]
w vectors =  [(-9, -4, -3), (-7, -5, -2), (9, -8, 8)]
F matrix =
[  3  14  -7]
[  8 -11  11]
[  5  -6   6]
=======================
v vectors =  [(1, 2, 5), (-2, -3, -7), (-2, -3, -6)]
w vectors =  [(-6, 3, 5), (2, -6, 1), (0, -4, 6)]
F matrix =
[ 12   5 -12]
[ -4  -6  -4]
[ -2   2   5]
=======================
v vectors =  [(1, -2, -5), (0, 1, 2), (1, -3, -6)]
w vectors =  [(-2, 3, 6), (4, -3, 1), (-3, 7, 8)]
F matrix =
[ 9 -2 11]
[-2 -5 -5]
[ 3  1  3]
=======================
v vectors =  [(1, 2, 6), (0, 1, 2), (-1, -2, -5)]
w vectors =  [(-7, 9, -5), (-5, 3, 5), (4, -3, 0)]
F matrix =
[ 9 -9 -5]
[ 1 -9 15]
[-3  6 -5]
=======================
v vectors =  [(1, 2, -7), (-1, -1, 2), (1, 1, -1)]
w vectors =  [(6, 4, 7), (4, -5, 3), (-6, 3, -3)]
F matrix =
[ -8  12 -13]
[  0 -11  10]
[ -2  -2   0]
=======================
v vectors =  [(1, 2, -5), (-2, -3, 6), (1, 2, -4)]
w vectors =  [(-2, -5, -2), (-9, 6, 8), (5, -3, -3)]
F matrix =
[ 3 -3 -7]
[15  4  0]
[ 7  2 -1]
=======================
v vectors =  [(1, 3, -6), (0, 1, -3), (1, 4, -8)]
w vectors =  [(4, -2, 5), (2, -4, -4), (4, -5, 2)]
F matrix =
[ 4  7 14]
[-4 -1 -1]
[-2  1  1]
=======================
v vectors =  [(-2, -1, 0), (0, 1, -3), (-1, 0, -2)]
w vectors =  [(-1, -3, 0), (9, 8, -9), (7, 6, -7)]
F matrix =
[  5   8  -3]
[ -9 -13   6]
[ -6  -7   5]
=======================
v vectors =  [(-2, -5, -8), (1, 2, 3), (0, -1, -1)]
w vectors =  [(4, -4, 4), (-1, 3, 1), (-3, 5, -3)]
F matrix =
[-2 10  4]
[ 8 -8 12]
[-5  3 -9]
=======================
v vectors =  [(1, -1, -1), (0, 1, 3), (1, -1, 0)]
w vectors =  [(1, 5, -4), (4, 3, 8), (7, 4, -1)]
F matrix =
[ -7  10  -2]
[-14   6  -1]
[  6  -1   3]
=======================
v vectors =  [(1, 1, 4), (1, 2, 7), (0, 1, 4)]
w vectors =  [(1, 5, 0), (6, 1, -3), (5, -9, -7)]
F matrix =
[-4 14  7]
[ 5 11  9]
[ 0 -5 -4]
=======================
v vectors =  [(1, 0, 2), (-2, -1, -1), (0, 1, -4)]
w vectors =  [(-1, -4, 6), (3, 4, -7), (1, 9, -7)]
F matrix =
[  3   6   2]
[ -7 -11   1]
[ -2  -5   2]
=======================
v vectors =  [(1, -1, -1), (1, -4, -5), (0, 4, 5)]
w vectors =  [(-6, -2, -5), (-7, 2, -3), (5, -8, -3)]
F matrix =
[ -2  -6  -6]
[ 15 -12  -2]
[-11   8   1]
=======================
v vectors =  [(1, 3, -1), (0, 1, 1), (-2, -8, 1)]
w vectors =  [(4, 6, 1), (-9, -8, 3), (-1, -5, -7)]
F matrix =
[-13  -6  -4]
[  2   1   2]
[-11  -9   1]
=======================
v vectors =  [(-1, 3, 4), (1, -4, -6), (-1, 4, 7)]
w vectors =  [(-8, -2, -4), (3, -1, 8), (7, 1, -9)]
F matrix =
[  3  11  -6]
[-15   3  -2]
[ 10   0  -1]
=======================
v vectors =  [(1, 3, -8), (0, 1, -4), (-1, -2, 5)]
w vectors =  [(-2, -3, 6), (-4, -8, 6), (1, -3, -3)]
F matrix =
[-2 13  0]
[ 8  0 -6]
[ 3  2 -3]
=======================
v vectors =  [(1, -1, 2), (2, -1, 3), (-1, 1, -1)]
w vectors =  [(7, 0, 9), (-1, -7, 9), (-1, 2, 6)]
F matrix =
[-14  -9 -15]
[ -9  -5   6]
[  6   2  15]
=======================
v vectors =  [(1, 2, 1), (0, 1, 1), (1, -1, -1)]
w vectors =  [(-1, 4, -6), (6, 1, -4), (-6, 8, -8)]
F matrix =
[  0   9 -12]
[ -7  -6  10]
[ 13   7 -14]
=======================
v vectors =  [(1, 1, 1), (0, 1, -1), (-1, -1, 0)]
w vectors =  [(-1, -4, -5), (7, 2, -6), (2, -1, 6)]
F matrix =
[-10   4  -1]
[  8  -3  -5]
[  1  -5   1]
=======================
v vectors =  [(1, 3, -4), (0, 1, -3), (2, 4, -1)]
w vectors =  [(6, 2, 7), (2, -1, 4), (7, 7, 6)]
F matrix =
[ 5  0 -5]
[-1  2  4]
[-1  1  0]
=======================
v vectors =  [(0, 1, -5), (-1, 2, -8), (1, 0, -1)]
w vectors =  [(1, 2, 6), (-7, 4, 9), (6, -2, -1)]
F matrix =
[  3  -4  -5]
[-14  -8 -14]
[ -3  -2  -4]
=======================
v vectors =  [(-1, 1, 3), (-3, 7, 8), (2, -3, -6)]
w vectors =  [(-7, 1, 5), (5, 4, 6), (9, -2, -8)]
F matrix =
[-6 -4 -4]
[ 5  0 -2]
[-6 -1  1]
=======================
v vectors =  [(0, 1, -2), (-1, 4, -7), (1, -4, 8)]
w vectors =  [(2, -1, -1), (-3, -5, 0), (-1, 7, 4)]
F matrix =
[ 7  3  0]
[-6  3  7]
[-4  2  4]
=======================
v vectors =  [(-1, 1, 2), (2, -3, -6), (-2, 3, 7)]
w vectors =  [(-1, -3, 3), (3, 1, 0), (-6, 7, -8)]
F matrix =
[  0   8  -9]
[  5 -11  10]
[ -3   8  -8]
=======================
v vectors =  [(-1, 1, 0), (2, -3, 3), (-3, 5, -5)]
w vectors =  [(-2, 9, -2), (-3, -2, 5), (3, 2, -4)]
F matrix =
[-6 -4 13]
[-8  5 11]
[-5  7  4]
=======================
v vectors =  [(1, 2, 7), (-1, -1, -3), (-1, -1, -2)]
w vectors =  [(-1, 5, -7), (7, 3, 5), (9, 7, 3)]
F matrix =
[-11  -7  -5]
[ -2  -8   6]
[  2   4  -2]
=======================
v vectors =  [(1, -1, -4), (0, 1, 4), (1, -1, -3)]
w vectors =  [(-1, 5, 1), (-6, -2, 7), (-4, 3, -1)]
F matrix =
[-7  3  8]
[ 6  6 15]
[-3 -2 -2]
=======================
v vectors =  [(-2, -1, -4), (3, 1, 4), (1, 0, 1)]
w vectors =  [(-9, -4, 9), (4, 3, 1), (3, 0, 3)]
F matrix =
[ -5  -1  10]
[-13   2  -1]
[  8   1  -7]
