------------------------ New data for 2022/04/03 09:43:29 ------------------------
A = [ 0  1  1  1]
[-1  5  4  3]
[ 2 -6 -4 -2]
[ 1  0  1  2]
b =  (1, 2, 0, 3)
rank = 2


A = [ 1 -2  0 -3]
[ 3 -5 -1 -7]
[ 1 -3  1 -5]
[ 2 -3 -1 -4]
b =  (-1, -4, 0, -3)
rank = 2


A = [ 1 -2  5  4]
[-1 -3  5  1]
[ 0  3 -6 -3]
[ 1  4 -7 -2]
b =  (5, 0, -3, -1)
rank = 2


A = [-2 -1  6  7]
[ 1  0 -2 -2]
[ 3 -1 -4 -3]
[ 4 -5  2  7]
b =  (-5, 2, 5, 3)
rank = 2


A = [ 1  5  6 -2]
[ 1  6  7 -3]
[ 1  2  3  1]
[ 0  1  1 -1]
b =  (-2, -1, -5, 1)
rank = 2


A = [-1 -2  3 -1]
[ 1 -3  2  6]
[ 1 -1  0  4]
[ 0 -5  5  5]
b =  (-1, -4, -2, -5)
rank = 2


A = [ 1  2 -3  3]
[-1 -1  1 -2]
[-1  0 -1 -1]
[ 1 -1  3  0]
b =  (5, -4, -3, 2)
rank = 2


A = [ 0 -1 -1  3]
[ 1  0  2  1]
[ 1 -1  1  4]
[ 2 -1  3  5]
b =  (-4, -1, -5, -6)
rank = 2


A = [ 3  4  5 -2]
[-3 -5 -7  1]
[ 2  3  4 -1]
[ 1  1  1 -1]
b =  (-1, 5, -2, 1)
rank = 2


A = [ 1 -1 -2  3]
[-2 -1  7 -3]
[ 2  0 -6  4]
[ 0 -2  2  2]
b =  (-3, -6, 2, -8)
rank = 2


A = [ 1  0 -2 -2]
[-4  1  6  7]
[ 0 -3  6  3]
[-1  2 -2  0]
b =  (1, -6, 6, -5)
rank = 2


A = [ 1 -4  5  7]
[ 1 -3  4  6]
[ 0 -3  3  3]
[-1  1 -2 -4]
b =  (4, 5, -3, -7)
rank = 2


A = [ 1  0  2 -1]
[ 2  1  2 -3]
[-3 -3  0  6]
[-1  2 -6 -1]
b =  (-1, 1, -6, 7)
rank = 2


A = [-1 -1 -1 -1]
[ 0  1  3  2]
[ 1  3  7  5]
[ 1  2  4  3]
b =  (-3, -2, -1, 1)
rank = 2


A = [ 0 -3 -3  6]
[ 1 -2 -3  2]
[ 1 -3 -4  4]
[ 1  0 -1 -2]
b =  (3, -4, -3, -6)
rank = 2


A = [ 1 -4  7  5]
[ 0  1 -2 -1]
[-1  2 -3 -3]
[-1  1 -1 -2]
b =  (3, 1, -5, -6)
rank = 2


A = [-1  3 -5  2]
[ 1 -4  6 -3]
[ 1 -5  7 -4]
[ 1  0  2  1]
b =  (-4, 3, 2, 7)
rank = 2


A = [ 1 -2  5  1]
[-1  3 -7 -3]
[-1  1 -3  1]
[-2  1 -4  4]
b =  (1, 1, -3, -8)
rank = 2


A = [ 1 -2  0  1]
[ 0  1  1 -1]
[ 3 -7 -1  4]
[ 1  0  2 -1]
b =  (1, -2, 5, -3)
rank = 2


A = [ 0  3  3  3]
[ 2 -5  1 -3]
[-1 -1 -4 -2]
[-1  6  3  5]
b =  (3, 3, -5, 2)
rank = 2


A = [ 1  1  1 -2]
[-3 -2 -1  5]
[-5 -2  1  7]
[ 1  3  5 -4]
b =  (0, 1, 3, 2)
rank = 2


A = [ 1  0 -3  2]
[ 0  1 -1 -1]
[ 1 -2 -1  4]
[ 1 -1 -2  3]
b =  (6, -1, 8, 7)
rank = 2


A = [ 0 -1  2  1]
[ 1  3 -7 -5]
[-1 -1  3  3]
[-1  1 -1  1]
b =  (-3, 8, -2, 4)
rank = 2


A = [-2  1  6 -1]
[ 0  1  2  3]
[-1  0  2 -2]
[ 1 -1 -4 -1]
b =  (8, -6, 7, -1)
rank = 2


A = [-1  0  1  2]
[-1 -2  3  0]
[ 0  1 -1  1]
[ 2  3 -5 -1]
b =  (-4, -2, -1, 5)
rank = 2


A = [ 1 -1  0 -4]
[ 1  0  1 -2]
[ 0 -3 -3 -6]
[-2  1 -1  6]
b =  (1, 2, -3, -3)
rank = 2


A = [ 1  3 -4  5]
[-1 -2  3 -4]
[-1 -1  2 -3]
[-1  1  0 -1]
b =  (-2, 3, 4, 6)
rank = 2


A = [-2  3 -2  7]
[ 1 -2  2 -4]
[ 1 -1  0 -3]
[ 0 -3  6 -3]
b =  (0, -1, 1, -6)
rank = 2


A = [ 2 -4  6  4]
[-1  4 -5 -6]
[-1  1 -2  0]
[-1  3 -4 -4]
b =  (-6, 1, 4, 2)
rank = 2


A = [ 1  0  1 -2]
[ 0  1  2 -1]
[ 1  3  7 -5]
[ 1  2  5 -4]
b =  (-5, 3, 4, 1)
rank = 2


A = [ 1  0 -2 -2]
[ 2  1 -5 -2]
[ 3  1 -7 -4]
[ 2 -1 -3 -6]
b =  (1, 7, 8, -3)
rank = 2


A = [ 1  1 -1 -3]
[ 2  3 -4 -7]
[ 1  2 -3 -4]
[ 0 -3  6  3]
b =  (1, 1, 0, 3)
rank = 2


A = [ 1 -2  3  3]
[ 0  1 -2 -3]
[-4  2  0  6]
[ 1  0 -1 -3]
b =  (5, -3, -2, -1)
rank = 2


A = [ 1 -1  4 -2]
[ 2 -1  5 -3]
[-1 -1  2  0]
[ 0  1 -3  1]
b =  (-5, -7, -1, 3)
rank = 2


A = [ 4  1 -7 -6]
[-1  0  1  1]
[ 2  1 -5 -4]
[-1 -1  4  3]
b =  (-3, 1, -1, 0)
rank = 2


A = [-1  1 -1 -1]
[-2  1  0 -3]
[ 1 -3  5 -1]
[ 3 -1 -1  5]
b =  (0, -1, -2, 2)
rank = 2


A = [ 4 -1 -7 -6]
[ 1  3 -5  5]
[ 1 -1 -1 -3]
[ 0  1 -1  2]
b =  (-3, -4, 0, -1)
rank = 2


A = [ 0 -1  1  1]
[ 1  5 -6 -2]
[-2 -3  5 -3]
[-1  1  0 -4]
b =  (1, -7, 7, 1)
rank = 2


A = [-1 -1 -1  3]
[ 1 -2 -5  0]
[-1  1  3  1]
[ 0 -3 -6  3]
b =  (-5, -1, -1, -6)
rank = 2


A = [-2  1  7  4]
[ 0  1  1  2]
[ 1  0 -3 -1]
[-1  1  4  3]
b =  (5, 1, -2, 3)
rank = 2


A = [ 0  3  3 -3]
[-1 -2 -4 -1]
[ 1  0  2  3]
[-1 -5 -7  2]
b =  (6, 1, -5, -5)
rank = 2


A = [-5 -4 -2 -6]
[ 0  1 -2 -1]
[-1  0 -2 -2]
[-2 -1 -2 -3]
b =  (-7, 8, 5, 2)
rank = 2


A = [ 0 -1  1 -2]
[-1  2 -4  6]
[ 1 -1  3 -4]
[-1  0 -2  2]
b =  (-3, -1, 4, -7)
rank = 2


A = [ 1  1 -3  0]
[-2 -1  4 -1]
[ 1 -2  3  3]
[ 2 -1  0  3]
b =  (-5, 8, 1, -4)
rank = 2


A = [-2  2 -2  0]
[ 0  1  2 -1]
[ 1 -3 -3  2]
[-1  2  1 -1]
b =  (-8, 1, 2, -3)
rank = 2


A = [-1 -3  1  4]
[ 2  5 -1 -6]
[ 3  4  2 -2]
[ 0 -3  3  6]
b =  (4, -7, -7, 3)
rank = 2


A = [-3 -2  3 -3]
[-1  1 -4 -6]
[ 4  2 -2  6]
[ 1  0  1  3]
b =  (1, 7, -4, -3)
rank = 2


A = [-1  0  2 -2]
[ 0  1 -3 -3]
[-1 -1  5  1]
[ 2 -1 -1  7]
b =  (1, -2, 3, 0)
rank = 2


A = [ 0 -4  4  4]
[ 1 -4  5  6]
[ 1 -3  4  5]
[-1  1 -2 -3]
b =  (4, 1, 0, 2)
rank = 2


A = [ 3  4 -6  5]
[-2 -3  5 -4]
[-1 -1  1 -1]
[ 1  3 -7  5]
b =  (-7, 5, 2, -4)
rank = 2


A = [-2  1  1  3]
[ 1  5 -6  4]
[ 0 -2  2 -2]
[-1 -1  2  0]
b =  (-5, 8, -2, -4)
rank = 2


A = [-1  1 -4  1]
[ 1  4 -6 -6]
[ 1  1  0 -3]
[ 1  3 -4 -5]
b =  (5, 0, -3, -1)
rank = 2


A = [ 1  3 -7  7]
[ 0  1 -2  3]
[-3 -2  7  0]
[-4 -1  6  5]
b =  (2, 1, 1, 3)
rank = 2


A = [-3 -1  5 -4]
[ 2  3 -1  5]
[-1  4  6  3]
[ 4  2 -6  6]
b =  (5, -8, -7, -8)
rank = 2


A = [ 1 -3 -1  4]
[ 2 -5 -1  6]
[ 1 -2  0  2]
[ 0  1  1 -2]
b =  (-3, -4, -1, 2)
rank = 2


A = [ 1 -2  4  0]
[ 1 -1  1  1]
[-1  0  2 -2]
[ 1 -3  7 -1]
b =  (7, 6, -5, 8)
rank = 2


A = [-2  5 -1 -1]
[ 1 -3  1  0]
[ 2 -7  3 -1]
[ 0 -3  3 -3]
b =  (-5, 2, 3, -3)
rank = 2


A = [-5  4 -7 -3]
[ 0  1 -3 -2]
[-1  0  1  1]
[ 2 -2  4  2]
b =  (7, -2, 3, -2)
rank = 2


A = [-1  0  2  2]
[-2 -1  1  0]
[-1 -1 -1 -2]
[ 3  2  0  2]
b =  (-2, 1, 3, -4)
rank = 2


A = [-1 -1 -3  0]
[ 1  0  2 -2]
[-1 -2 -4 -2]
[ 1 -1  1 -4]
b =  (1, 1, 3, 3)
rank = 2


A = [ 1 -2  2  4]
[ 0  1 -2 -3]
[ 2 -2  0  2]
[ 1 -3  4  7]
b =  (5, -1, 8, 6)
rank = 2


A = [-1 -1  3 -1]
[-1 -2  5  0]
[ 0  1 -2 -1]
[ 1  3 -7 -1]
b =  (4, 5, -1, -6)
rank = 2


A = [-2  3  1 -5]
[-1  1  0 -2]
[-1  4  3 -5]
[ 2 -5 -3  7]
b =  (1, 1, -2, 1)
rank = 2


A = [ 1  0 -2 -2]
[ 0  1 -1  1]
[-1 -2  4  0]
[ 1  1 -3 -1]
b =  (1, -1, 1, 0)
rank = 2


A = [ 1  2  3  4]
[ 0  1  1  1]
[ 1 -3 -2 -1]
[-1 -3 -4 -5]
b =  (-1, 1, -6, 0)
rank = 2


A = [ 1  5  4  6]
[ 1  6  5  7]
[-1 -4 -3 -5]
[-1 -3 -2 -4]
b =  (-5, -7, 3, 1)
rank = 2


A = [ 1  0 -2 -2]
[ 2  1 -3 -6]
[-2  2  6  0]
[-1 -2  0  6]
b =  (-1, 1, 8, -5)
rank = 2


A = [ 1  0  1  2]
[-1  1  2  0]
[ 4 -1  1  6]
[-1 -1 -4 -4]
b =  (2, 1, 5, -5)
rank = 2


A = [ 3 -1  5 -7]
[ 2  1  0 -3]
[-1  2 -5  4]
[ 2 -1  4 -5]
b =  (-6, 1, 7, -5)
rank = 2


A = [-1 -5 -7  7]
[ 0  1  2 -1]
[ 1  4  5 -6]
[ 1  3  3 -5]
b =  (-2, 1, 1, 0)
rank = 2


A = [-2  2  2  4]
[ 1  1  5  0]
[ 3 -2  0 -5]
[ 3  0  6 -3]
b =  (6, 5, -5, 3)
rank = 2


A = [-1 -4 -5 -2]
[-3 -5 -1  1]
[ 3  6  3  0]
[-2 -6 -6 -2]
b =  (7, 0, -3, 8)
rank = 2


A = [-5  6  1  7]
[ 1 -2 -1 -3]
[-1  3  2  5]
[-2  3  1  4]
b =  (8, -4, 7, 5)
rank = 2


A = [-1  1 -3 -1]
[ 0  1 -1  1]
[-1 -1 -1 -3]
[-1  2 -4  0]
b =  (0, -1, 2, -1)
rank = 2


A = [ 0 -3 -3  6]
[ 2 -1 -3  4]
[ 1 -1 -2  3]
[ 1  2  1 -3]
b =  (3, -5, -2, -5)
rank = 2


A = [ 1 -3  2  5]
[ 1 -2  1  3]
[ 0  3 -3 -6]
[ 1 -4  3  7]
b =  (1, 0, -3, 2)
rank = 2


A = [-1 -3  2  1]
[-2 -7  5  3]
[ 0  2 -2 -2]
[-1 -4  3  2]
b =  (-1, -1, -2, 0)
rank = 2


A = [ 1 -1 -4 -4]
[ 2 -1 -7 -5]
[ 0 -1 -1 -3]
[-2  0  6  2]
b =  (5, 8, 2, -6)
rank = 2


A = [ 1  3 -7 -5]
[ 1 -2  3  5]
[ 0 -3  6  6]
[-1  3 -5 -7]
b =  (1, 6, 3, -7)
rank = 2


A = [-2  1  0  3]
[ 1 -1  1 -2]
[-2  4 -6  6]
[-2  3 -4  5]
b =  (-7, 3, -4, -5)
rank = 2


A = [-1  1  1 -2]
[-1 -2 -5  1]
[ 0 -2 -4  2]
[ 1  1  3  0]
b =  (-7, -4, 2, 5)
rank = 2


A = [ 1 -1 -3 -1]
[ 1  2  3 -7]
[ 0 -2 -4  4]
[-1  0  1  3]
b =  (1, -8, 6, 2)
rank = 2


A = [ 1  2 -2 -6]
[ 1  0  2  2]
[-1  1 -4 -6]
[ 0 -1  2  4]
b =  (2, -4, 7, -3)
rank = 2


A = [-2 -1  5  1]
[-1 -1  3  2]
[-2 -3  7  7]
[ 0 -2  2  6]
b =  (-7, -3, -5, 2)
rank = 2


A = [-2  3 -4 -1]
[-1  3 -5  1]
[-4  5 -6 -3]
[-3  5 -7 -1]
b =  (-3, 0, -7, -4)
rank = 2


A = [ 1  3  0  4]
[-2 -5  1 -6]
[-2 -3  3 -2]
[-2 -4  2 -4]
b =  (1, -3, -5, -4)
rank = 2


A = [ 1  1  0 -1]
[-1 -3 -2  5]
[ 0  3  3 -6]
[-1 -4 -3  7]
b =  (-2, 4, -3, 5)
rank = 2


A = [ 1 -2 -4  4]
[ 1 -1 -3  1]
[ 1  0 -2 -2]
[ 0 -2 -2  6]
b =  (-4, -5, -6, 2)
rank = 2


A = [ 1  2 -3  4]
[ 1  3 -4  5]
[ 1  5 -6  7]
[-2 -2  4 -6]
b =  (-1, -2, -4, 0)
rank = 2


A = [ 1  0 -1 -2]
[ 1  1  2 -1]
[-1 -2 -5  0]
[ 3  1  0 -5]
b =  (2, -1, 4, 3)
rank = 2


A = [-1  5 -4 -7]
[ 0  1 -1 -2]
[ 3 -7  4  5]
[ 1 -4  3  5]
b =  (-1, -1, -5, 0)
rank = 2


A = [-1  2 -3  0]
[ 1  3 -2 -5]
[-1  0 -1  2]
[-2 -3  1  7]
b =  (7, 8, 1, -7)
rank = 2


A = [ 1 -2 -5  7]
[ 1 -1 -3  5]
[ 0  2  4 -4]
[ 1  1  1  1]
b =  (-5, -1, 8, 7)
rank = 2


A = [ 1 -5  4  2]
[ 0  1 -1 -1]
[-2  7 -5 -1]
[ 2 -6  4  0]
b =  (-5, 2, 4, -2)
rank = 2


A = [ 1 -1  3 -1]
[ 0  1 -2  2]
[-3  2 -7  1]
[ 3 -1  5  1]
b =  (-3, 4, 5, -1)
rank = 2


------------------------ New data for 2022/04/03 10:36:43 ------------------------
A = [ 1  0 -2  2]
[ 2  1 -5  2]
[-3 -1  7 -4]
[ 0  1 -1 -2]
b =  (-1, -4, 5, -2)
rank = 2


A = [-2  1  2 -7]
[-1  0  2 -2]
[ 1  1 -4 -1]
[ 0  1 -2 -3]
b =  (-7, -4, 5, 1)
rank = 2


A = [ 3 -2 -5 -1]
[ 2 -1 -3  0]
[-1  3  4  5]
[ 2  1 -1  4]
b =  (4, 3, 1, 5)
rank = 2


A = [-1 -2  3  1]
[ 0  1 -2 -1]
[-1 -3  5  2]
[ 1  1 -1  0]
b =  (1, 2, -1, -3)
rank = 2


A = [ 1 -1  1 -3]
[ 1  0 -2 -2]
[-1 -1  5  1]
[ 3 -1 -3 -7]
b =  (3, -1, 5, 1)
rank = 2


A = [-1  1 -2  1]
[-2  1 -1  4]
[-3  1  0  7]
[ 1  1 -4 -5]
b =  (-4, -5, -6, -2)
rank = 2


A = [ 1  2 -5  3]
[ 0  1 -2  1]
[-1  1 -1  0]
[-1  0  1 -1]
b =  (1, 1, 2, 1)
rank = 2


A = [ 1  0 -1  3]
[ 2  1  0  4]
[-2 -2 -2 -2]
[-1 -2 -3  1]
b =  (-4, -3, -2, -6)
rank = 2


A = [ 3  1  6  7]
[ 1  0  3  3]
[ 1 -1  6  5]
[ 1  1  0  1]
b =  (3, -1, -7, 5)
rank = 2


A = [ 1 -5  3  7]
[ 2 -5  1  4]
[ 2 -6  2  6]
[ 0 -2  2  4]
b =  (-1, 3, 2, -2)
rank = 2


A = [ 1  1 -2  0]
[ 1 -1 -4 -4]
[ 0 -1 -1 -2]
[ 1  0 -3 -2]
b =  (-1, 5, 3, 2)
rank = 2


A = [ 1 -3  0  5]
[ 1 -2 -1  4]
[ 0  2 -2 -2]
[-1 -1  4 -1]
b =  (-5, -2, 6, -7)
rank = 2


A = [-1  2  4 -1]
[ 0  1  1 -1]
[ 1  0 -2 -1]
[ 1  5  3 -6]
b =  (7, 1, -5, 0)
rank = 2


A = [ 1  0 -3 -1]
[ 0  1 -1  1]
[ 1 -1 -2 -2]
[-1 -4  7 -3]
b =  (7, -1, 8, -3)
rank = 2


A = [ 1  5 -4 -6]
[ 2  5 -3 -7]
[ 2  4 -2 -6]
[ 0 -1  1  1]
b =  (-2, 1, 2, 1)
rank = 2


A = [-1  0  2  3]
[ 0  1 -2 -1]
[-2 -1  6  7]
[-1 -1  4  4]
b =  (5, 2, 8, 3)
rank = 2


A = [ 1  0 -2  2]
[ 3  1 -4  5]
[-1  2  6 -4]
[ 3  2 -2  4]
b =  (-1, -5, -3, -7)
rank = 2


A = [ 1 -3  2 -4]
[ 1 -2  0 -3]
[ 1 -5  6 -6]
[ 0 -2  4 -2]
b =  (2, -1, 8, 6)
rank = 2


A = [ 1  2  3  0]
[-2 -3 -4  1]
[ 1  1  1 -1]
[-4 -5 -6  3]
b =  (1, -1, 0, -1)
rank = 2


A = [-1  4  5 -7]
[ 1  3  2 -7]
[-1  1  2 -1]
[ 0  3  3 -6]
b =  (0, 7, -3, 3)
rank = 2


A = [ 1 -2 -7  1]
[ 0  1  3 -1]
[-1  1  4  0]
[ 1  0 -1 -1]
b =  (-1, 4, -3, 7)
rank = 2


A = [ 1  2  5  3]
[-1 -1 -3 -1]
[ 1  0  1 -1]
[ 1 -1 -1 -3]
b =  (-1, -1, 3, 5)
rank = 2


A = [ 1 -1  0 -1]
[ 1  0  2 -3]
[ 3 -5 -4  1]
[ 1 -3 -4  3]
b =  (1, 5, -5, -7)
rank = 2


A = [ 1  2  4 -1]
[ 0  1  1 -1]
[ 1 -1  1  2]
[-1 -1 -3  0]
b =  (-2, 1, -5, 3)
rank = 2


A = [ 1  0 -2 -1]
[ 1  2  6 -3]
[ 0 -1 -4  1]
[ 2  1  0 -3]
b =  (-2, -4, 1, -5)
rank = 2


A = [ 1  0 -2  2]
[ 0  1  3 -1]
[ 1  1  1  1]
[ 1  3  7 -1]
b =  (1, -1, 0, -2)
rank = 2


A = [ 2  0 -2  2]
[ 0  1  1  2]
[-2 -1  1 -4]
[-1 -1  0 -3]
b =  (-4, -1, 5, 3)
rank = 2


A = [ 1 -1  0  4]
[ 1  0  1  2]
[-1  2  1 -6]
[ 0 -1 -1  2]
b =  (-1, -3, -1, 2)
rank = 2


A = [ 1 -1  3  4]
[-1 -2  3  2]
[ 0  2 -4 -4]
[ 1  1 -1  0]
b =  (-5, -4, 6, 1)
rank = 2


A = [-1 -2  2  5]
[ 2  3 -2 -7]
[ 2  0  4  2]
[ 1  1  0 -2]
b =  (-6, 7, -8, 1)
rank = 2


A = [ 1 -2  0 -3]
[ 0  1  1  1]
[-1  5  3  6]
[-1  4  2  5]
b =  (1, -2, -7, -5)
rank = 2


A = [-1  0 -2 -2]
[ 1 -3 -4  5]
[ 0 -1 -2  1]
[-1  2  2 -4]
b =  (-2, -1, -1, 0)
rank = 2


A = [ 2 -1 -1  0]
[ 4 -3 -1  2]
[ 1  0 -1 -1]
[-2  3 -1 -4]
b =  (3, 5, 2, -1)
rank = 2


A = [ 1  0 -2 -2]
[ 2  1 -5 -2]
[-1  2  0  6]
[-1  1  1  4]
b =  (-1, -5, -5, -2)
rank = 2


A = [ 1  4  3 -5]
[ 1  5  4 -6]
[ 0 -2 -2  2]
[ 1  2  1 -3]
b =  (-2, -3, 2, 0)
rank = 2


A = [ 1 -3 -5 -5]
[-1  4  7  6]
[ 2 -3 -4 -7]
[ 0  2  4  2]
b =  (0, 1, 3, 2)
rank = 2


A = [-3 -1 -1 -5]
[-2 -1  0 -4]
[-2 -2  2 -6]
[-1  2 -5  3]
b =  (-4, -3, -4, 1)
rank = 2


A = [ 0 -1  1  2]
[ 1  0  1 -1]
[ 1  1  0 -3]
[-2  4 -6 -6]
b =  (-3, 4, 7, 4)
rank = 2


A = [ 1  1 -2  0]
[-3 -2  5 -1]
[-3  0  3 -3]
[ 0  5 -5 -5]
b =  (1, -4, -6, -5)
rank = 2


A = [ 1  1  2  0]
[-1 -3  0 -4]
[ 1  2  1  2]
[ 0  1 -1  2]
b =  (-3, 1, -2, 1)
rank = 2


A = [ 1  1 -4 -3]
[ 0  1 -2 -1]
[-4  2  4  6]
[ 4 -1 -6 -7]
b =  (5, 4, 4, 0)
rank = 2


A = [ 1  1  1  4]
[-1  4 -6  6]
[-1  1 -3  0]
[ 0 -2  2 -4]
b =  (-3, -7, -1, 4)
rank = 2


A = [ 0 -1  1 -2]
[ 3  1  2  5]
[ 1  3 -2  7]
[-1 -1  0 -3]
b =  (1, -7, -5, 3)
rank = 2


A = [ 1 -1  3 -4]
[ 0  1 -1  2]
[ 3  6  0  6]
[-1 -4  2 -6]
b =  (5, -2, -3, 5)
rank = 2


A = [-1  0  2  2]
[ 0  1 -3  2]
[ 2  1 -7 -2]
[ 1  1 -5  0]
b =  (-3, 2, 8, 5)
rank = 2


A = [ 2 -1  3 -6]
[ 1 -1  1 -4]
[-1 -1 -3  0]
[ 0 -2 -2 -4]
b =  (-5, -3, 1, -2)
rank = 2


A = [-1  6  3  4]
[-1  5  2  3]
[ 1 -3  0 -1]
[ 1 -1  2  1]
b =  (8, 7, -5, -3)
rank = 2


A = [ 0 -1  3 -2]
[ 1  0  1 -1]
[ 3 -1  6 -5]
[-1  2 -7  5]
b =  (4, -1, 1, -7)
rank = 2


A = [-1 -1  4  3]
[ 0  1 -3 -1]
[ 3 -2  3 -4]
[-2 -1  5  5]
b =  (-5, 4, -5, -6)
rank = 2


A = [ 1 -2 -1 -7]
[ 1 -1  0 -4]
[-1  0 -1  1]
[ 0 -2 -2 -6]
b =  (-5, -3, 1, -4)
rank = 2


A = [ 1 -2  6 -3]
[ 0  1 -2  2]
[ 1 -1  4 -1]
[ 1  0  2  1]
b =  (-7, 2, -5, -3)
rank = 2


A = [ 1  0  1 -1]
[ 0  1  2  3]
[-1  1  1  4]
[ 1 -2 -3 -7]
b =  (-4, 1, 5, -6)
rank = 2


A = [ 1 -3 -5  7]
[ 0  1  2 -2]
[-1  1  1 -3]
[-1  0 -1 -1]
b =  (1, 1, -3, -4)
rank = 2


A = [ 1  0 -1  3]
[ 0  1  2 -2]
[ 1  2  3 -1]
[ 2  1  0  4]
b =  (2, 3, 8, 7)
rank = 2


A = [ 2 -1 -3  2]
[-1  1  2  0]
[-1 -1  0 -4]
[-1  3  4  4]
b =  (4, -1, -5, 3)
rank = 2


A = [ 1  1 -1 -4]
[ 0  1 -2 -3]
[-1  2 -5 -5]
[-1  1 -3 -2]
b =  (5, -1, -8, -7)
rank = 2


A = [ 1  1 -3  4]
[ 3  1 -7  6]
[ 2 -1 -3 -1]
[ 0  1 -1  3]
b =  (1, 7, 8, -2)
rank = 2


A = [-2  3  3  0]
[-2  1  5  4]
[-1  1  2  1]
[-1 -1  4  5]
b =  (5, 7, 3, 5)
rank = 2


A = [-1  1  4 -1]
[-2  1  5  0]
[-1 -2 -5  5]
[ 3  2  3 -7]
b =  (1, 3, 4, -8)
rank = 2


A = [ 0  1  2 -1]
[-1 -2 -1  3]
[ 1  3  3 -4]
[ 1  0 -3 -1]
b =  (-5, 2, -7, 8)
rank = 2


A = [ 1 -2 -4  1]
[ 0  1  1 -1]
[-2  3  7 -1]
[ 1 -3 -5  2]
b =  (-1, -3, 5, 2)
rank = 2


A = [-1 -2 -3  5]
[ 5  1  6  2]
[ 0  1  1 -3]
[ 2  2  4 -4]
b =  (1, 4, -1, 0)
rank = 2


A = [ 0 -1  1 -2]
[ 1  3 -5  7]
[-2 -1  5 -4]
[ 2  2 -6  6]
b =  (1, -4, 3, -4)
rank = 2


A = [-2 -3 -1  3]
[-1 -2 -1  1]
[ 0 -5 -5 -5]
[ 1  0 -1 -3]
b =  (-7, -3, 5, 5)
rank = 2


A = [ 1  1  3 -1]
[-1  0 -1 -1]
[-1  1  1 -3]
[-1  2  3 -5]
b =  (0, -1, -2, -3)
rank = 2


A = [ 1 -1  2  1]
[ 0  1 -3  2]
[ 1  2 -7  7]
[ 1  0 -1  3]
b =  (0, -1, -3, -1)
rank = 2


A = [ 4  5 -6 -3]
[ 1  0  1 -2]
[ 1  2 -3  0]
[ 1  1 -1 -1]
b =  (0, -5, 3, -1)
rank = 2


A = [ 1  1  4 -3]
[-2 -1 -6  5]
[ 0 -2 -4  2]
[ 3  0  6 -6]
b =  (-3, 4, 4, -3)
rank = 2


A = [ 1 -1 -4 -2]
[ 2  3  7  1]
[ 0  2  6  2]
[ 3  1  0 -2]
b =  (-1, 8, 4, 5)
rank = 2


A = [ 1  1 -2 -1]
[ 1  4 -5 -7]
[ 0  2 -2 -4]
[ 2  3 -5 -4]
b =  (0, 3, 2, 1)
rank = 2


A = [ 1 -2  3  0]
[ 1 -1  1 -1]
[ 3 -5  7 -1]
[-1  3 -5 -1]
b =  (-1, 1, -1, 3)
rank = 2


A = [ 1 -1 -2  4]
[ 0  1  4 -2]
[ 1 -2 -6  6]
[ 1  0  2  2]
b =  (-1, 7, -8, 6)
rank = 2


A = [ 2 -1  1 -3]
[ 1  1  5 -6]
[-1  0 -2  3]
[-1  1  1  0]
b =  (0, -3, 1, -1)
rank = 2


A = [ 1  2 -5 -3]
[-1 -1  3  2]
[ 0 -2  4  2]
[-1  1 -1  0]
b =  (7, -5, -4, -1)
rank = 2


A = [-3 -1 -5  6]
[ 0  1  2 -3]
[ 2  1  4 -5]
[-1 -1 -3  4]
b =  (4, -7, -5, 6)
rank = 2


A = [-1  0  4  2]
[-1  5 -1  7]
[ 1 -4  0 -6]
[-1  2  2  4]
b =  (-2, 3, -2, 0)
rank = 2


A = [ 2  2 -2  6]
[ 0  1  2  1]
[-1  0  3 -2]
[-1 -2 -1 -4]
b =  (-2, -2, -1, 3)
rank = 2


A = [ 1 -1  4  0]
[ 0  1 -1  1]
[ 2  5  1  7]
[-1 -1 -2 -2]
b =  (-2, 1, 3, 0)
rank = 2


A = [ 1  2 -1  1]
[ 1  3 -2  3]
[ 1  0  1 -3]
[ 0  2 -2  4]
b =  (-1, 2, -7, 6)
rank = 2


A = [-1  0  1 -2]
[-1 -1  0 -3]
[ 2  3  1  7]
[ 1  3  2  5]
b =  (7, 5, -8, -1)
rank = 2


A = [ 1 -1  3 -1]
[ 0  1 -2 -1]
[ 1 -2  5  0]
[ 2  1  0 -5]
b =  (5, -3, 8, 1)
rank = 2


A = [ 1 -3 -6 -2]
[ 1 -2 -5 -1]
[ 1  1 -2  2]
[ 0 -4 -4 -4]
b =  (-5, -4, -1, -4)
rank = 2


A = [ 1  1  2 -5]
[ 1  2  3 -7]
[-2  0 -2  6]
[ 0  2  2 -4]
b =  (-1, -3, -2, -4)
rank = 2


A = [ 1 -1  4 -4]
[ 1  2 -2  5]
[ 0  1 -2  3]
[-1 -1  0 -2]
b =  (-4, -7, -1, 6)
rank = 2


A = [-2 -3  1  5]
[ 1  1 -1 -2]
[ 1 -2 -4  1]
[ 0 -2 -2  2]
b =  (-1, 0, -3, -2)
rank = 2


A = [ 0 -3  3  6]
[-1  3 -2 -5]
[-1  1  0 -1]
[ 1  1 -2 -3]
b =  (-3, 4, 2, 0)
rank = 2


A = [ 2  1 -6  7]
[-1  0  2 -3]
[ 0 -3  6 -3]
[ 1  2 -6  5]
b =  (8, -3, -6, 7)
rank = 2


A = [ 0 -2 -2 -2]
[ 2  5  7  1]
[-2 -4 -6  0]
[-1 -4 -5 -2]
b =  (-4, 4, -2, -5)
rank = 2


A = [ 2  0  2  6]
[-1  2  1 -7]
[-2 -1 -3 -4]
[-1 -1 -2 -1]
b =  (-2, 3, 1, 0)
rank = 2


A = [ 1 -3 -1  0]
[-1  6  4  3]
[ 1  0  2  3]
[ 0  2  2  2]
b =  (-5, 2, -8, -2)
rank = 2


A = [ 1 -4  6  5]
[ 1 -3  5  4]
[ 0 -4  4  4]
[ 1 -2  4  3]
b =  (5, 3, 8, 1)
rank = 2


A = [ 1 -1 -2  0]
[-3  4  7 -2]
[ 3 -1 -4 -4]
[ 3 -2 -5 -2]
b =  (1, -5, -1, 1)
rank = 2


------------------------ New data for 2022/04/03 10:40:20 ------------------------
A = [ 1 -3  4  2]
[ 0  1 -1 -1]
[ 2 -2  4  0]
[ 3 -4  7  1]
b =  (-7, 4, 2, -1)
rank = 2


A = [ 1  0  2 -3]
[ 1  1  0 -1]
[-3 -1 -4  7]
[ 0  1 -2  2]
b =  (-4, 1, 7, 5)
rank = 2


A = [ 1 -1  3 -4]
[ 0  1 -1  2]
[-2 -1 -3  2]
[-1 -1 -1  0]
b =  (4, -3, 1, 2)
rank = 2


A = [-3 -1  7 -5]
[-2 -1  5 -4]
[ 1  3 -5  7]
[ 0  2 -2  4]
b =  (-2, -1, -2, -2)
rank = 2


A = [ 2  1  0  2]
[-2  1  4 -6]
[ 0 -1 -2  2]
[-1 -1 -1  0]
b =  (-4, -8, 6, 5)
rank = 2


A = [-2 -1  3  0]
[ 1  0 -3 -1]
[ 0  2  6  4]
[ 1  1  0  1]
b =  (4, -1, -4, -3)
rank = 2


A = [ 0 -2  4 -2]
[ 1 -3  3 -5]
[-1  1  1  3]
[-1  2 -1  4]
b =  (2, 4, -2, -3)
rank = 2


A = [ 1  3 -2  0]
[ 2  7 -5  1]
[ 2  1  1 -5]
[-1 -7  6 -4]
b =  (1, 1, 7, 3)
rank = 2


A = [ 4 -1  1 -5]
[ 1  0  1 -1]
[-3  2  3  5]
[-1 -1 -4  0]
b =  (-1, 1, 7, -6)
rank = 2


A = [ 1  2  1  0]
[ 0  1 -1  1]
[-2  1 -7  5]
[-2  0 -6  4]
b =  (-3, -2, -4, -2)
rank = 2


A = [ 1  0 -1  1]
[ 0  1  2  1]
[ 2  3  4  5]
[ 1  4  7  5]
b =  (4, -1, 5, 0)
rank = 2


A = [ 1  0  2  3]
[ 0  1 -2 -2]
[ 1  1  0  1]
[-2 -5  6  4]
b =  (1, -2, -1, 8)
rank = 2


A = [ 1  4 -5  6]
[ 0  1 -1  1]
[ 1 -2  1  0]
[ 1  2 -3  4]
b =  (7, 2, -5, 3)
rank = 2


A = [-2  1  3  5]
[ 1 -1 -1 -4]
[ 0  2 -2  6]
[ 1  0 -2 -1]
b =  (0, 1, -4, -1)
rank = 2


A = [ 1  1  3 -1]
[ 0  1  2  1]
[-1  0 -1  2]
[-1 -2 -5  0]
b =  (5, 1, -4, -6)
rank = 2


A = [-1  1  1  3]
[ 1  1  3  1]
[ 0 -3 -6 -6]
[-2  1  0  4]
b =  (0, 2, -3, -1)
rank = 2


A = [ 1 -4  3  6]
[-1 -3  4  1]
[ 1  4 -5 -2]
[ 0 -4  4  4]
b =  (-1, -6, 7, -4)
rank = 2


A = [-2 -1  0 -3]
[ 3 -2 -7  1]
[ 1  0 -1  1]
[ 1  2  3  3]
b =  (-3, 8, 2, 0)
rank = 2


A = [ 0  4  4  4]
[-1 -3 -5 -4]
[-1 -5 -7 -6]
[-1  0 -2 -1]
b =  (-4, 0, 2, -3)
rank = 2


A = [-1 -2  1  2]
[ 0  1  1 -2]
[-1 -3  0  4]
[ 1  1 -2  0]
b =  (5, -3, 8, -2)
rank = 2


A = [ 0  2  4 -2]
[-1 -2 -5  0]
[-1 -1 -3 -1]
[-1  0 -1 -2]
b =  (2, -7, -6, -5)
rank = 2


A = [ 1 -2 -5  1]
[ 1 -1 -4 -1]
[ 1  1 -2 -5]
[-1  3  6 -3]
b =  (3, 4, 6, -2)
rank = 2


A = [ 1  2  0  4]
[ 1  3  1  5]
[-1  2  4  0]
[ 0 -4 -4 -4]
b =  (3, 4, 1, -4)
rank = 2


A = [ 1  1  0  1]
[ 0  1  2 -1]
[ 3  0 -6  6]
[ 2 -1 -6  5]
b =  (-3, -4, 3, 6)
rank = 2


A = [ 1  1 -1  0]
[ 0  1 -2  2]
[-1  1 -3  4]
[ 1  2 -3  2]
b =  (-1, -3, -5, -4)
rank = 2


A = [-1 -3  1  2]
[-1 -4  2  3]
[ 0  1 -1 -1]
[-2 -7  3  5]
b =  (-3, -2, -1, -5)
rank = 2


A = [ 1 -1  1 -3]
[ 3 -2  4 -7]
[-1  2  0  5]
[ 3 -1  5 -5]
b =  (-3, -5, 7, -1)
rank = 2


A = [ 1 -4 -3 -1]
[ 1 -3 -2  0]
[ 1  1  2  4]
[ 0 -4 -4 -4]
b =  (-8, -7, -3, -4)
rank = 2


A = [ 2  5 -7 -3]
[ 0  1 -1 -1]
[-1  1  0 -2]
[ 1  1 -2  0]
b =  (-4, -2, -5, 1)
rank = 2


A = [ 1  1  0 -1]
[ 1  2  2 -3]
[ 4  1 -6  2]
[-2  0  4 -2]
b =  (-2, -5, 1, -2)
rank = 2


A = [ 1 -1  1 -2]
[ 3 -2  1 -7]
[-1 -2  5  5]
[ 1 -3  5  0]
b =  (1, 5, -7, -3)
rank = 2


A = [-2  2  4  2]
[ 0  1  1  2]
[-1  4  5  7]
[ 1 -2 -3 -3]
b =  (-4, 1, 1, 1)
rank = 2


A = [ 1  3  1 -2]
[-2 -5 -1  3]
[-3 -7 -1  4]
[-1 -4 -2  3]
b =  (1, -3, -5, 0)
rank = 2


A = [ 2  1  1 -6]
[-1  0 -1  2]
[ 0 -3  3  6]
[ 1  2 -1 -6]
b =  (-3, 2, -3, 0)
rank = 2


A = [ 1  0 -1  2]
[ 1 -1 -4  3]
[ 1 -2 -7  4]
[ 0 -2 -6  2]
b =  (2, 5, 8, 6)
rank = 2


A = [-2  1 -1 -4]
[ 3 -2  1  7]
[ 0  1  1 -2]
[ 1  0  1  1]
b =  (-1, -1, 5, 3)
rank = 2


A = [ 1  0 -1  2]
[ 2  1 -3  5]
[ 2  2 -4  6]
[ 2 -2  0  2]
b =  (-1, -4, -6, 2)
rank = 2


A = [-3 -2  7  1]
[ 0  1  1  1]
[-2  0  6  2]
[-1 -2  1 -1]
b =  (5, 2, 6, -1)
rank = 2


A = [-1  0  2 -1]
[ 2 -1 -6  4]
[ 1  2  2 -3]
[ 0 -2 -4  4]
b =  (1, -1, -3, 2)
rank = 2


A = [ 1  1  0  1]
[ 0  1 -1  2]
[-4 -3 -1 -2]
[ 1 -1  2 -3]
b =  (-1, 3, 7, -7)
rank = 2


A = [ 2  0 -4 -4]
[-2 -1  2  7]
[-1  1  4 -1]
[ 0 -2 -4  6]
b =  (6, -4, -5, 4)
rank = 2


A = [-2  1 -5  1]
[-2 -1 -3  7]
[-1  0 -2  2]
[-1  1 -3 -1]
b =  (-5, 1, -1, -4)
rank = 2


A = [-3 -1 -2  3]
[ 0  1 -1  3]
[ 1  1  0  1]
[ 2  0  2 -4]
b =  (7, -4, -5, -2)
rank = 2


A = [ 1 -2 -5  0]
[-1  3  7 -1]
[ 0  1  2 -1]
[ 1  1  1 -3]
b =  (1, 0, 1, 4)
rank = 2


A = [-2  5  6  7]
[ 1 -3 -4 -4]
[-1  2  2  3]
[-1  4  6  5]
b =  (-4, 1, -3, 1)
rank = 2


A = [ 1 -1  2 -3]
[ 0  1 -3  2]
[ 3 -1  0 -5]
[-1 -1  4 -1]
b =  (6, -5, 8, 4)
rank = 2


A = [ 1  2  6  1]
[-1 -1 -4  0]
[-1  0 -2  1]
[-2 -1 -6  1]
b =  (-8, 5, 2, 7)
rank = 2


A = [ 0 -2  2 -4]
[ 1  4 -2  5]
[-2 -4  0 -2]
[ 1  5 -3  7]
b =  (-2, -2, 8, -1)
rank = 2


A = [ 1 -1  1  2]
[ 3 -2  1  5]
[ 2 -3  4  5]
[ 4 -2  0  6]
b =  (1, 0, 5, -2)
rank = 2


A = [ 2 -1  0 -5]
[ 2 -3  4 -7]
[ 1  1 -3 -1]
[ 0  2 -4  2]
b =  (-3, -1, -3, -2)
rank = 2


A = [ 1 -2 -5 -1]
[ 1 -1 -2  0]
[-1  0 -1 -1]
[ 2 -3 -7 -1]
b =  (4, 3, -2, 7)
rank = 2


A = [ 1  0  1 -1]
[-2 -3  4 -7]
[ 0 -2  4 -6]
[-2 -2  2 -4]
b =  (2, -1, 2, -2)
rank = 2


A = [ 1  3  1  4]
[ 0  1  1  1]
[ 2  1 -3  3]
[ 1  1 -1  2]
b =  (0, -1, 5, 2)
rank = 2


A = [ 1  0 -1  1]
[ 0  1  2 -1]
[-2  2  6 -4]
[-1 -1 -1  0]
b =  (-3, -2, 2, 5)
rank = 2


A = [ 1 -2 -1  3]
[-2 -1 -3  4]
[ 0  3  3 -6]
[ 1  2  3 -5]
b =  (-1, 7, -3, -5)
rank = 2


A = [-4 -3  1 -1]
[-5 -4  1 -2]
[ 0  2  2  6]
[ 1  1  0  1]
b =  (-5, -6, -2, 1)
rank = 2


A = [-3  1 -5  4]
[ 2 -1  3 -3]
[ 0 -5 -5 -5]
[ 1 -6 -4 -7]
b =  (-7, 5, 5, 8)
rank = 2


A = [ 1 -2  3  4]
[-1  3 -4 -5]
[ 3 -1  4  7]
[-2  3 -5 -7]
b =  (0, 1, 5, -1)
rank = 2


A = [ 2  1  7  1]
[-1  0 -3 -1]
[ 1 -2  1  3]
[-3  2 -7 -5]
b =  (3, -2, 4, -8)
rank = 2


A = [-1  0 -2  2]
[ 1  4  6  6]
[-1 -3 -5 -4]
[ 2  3  7  2]
b =  (3, 5, -3, 0)
rank = 2


A = [-1  1 -3  3]
[ 1  1  5 -1]
[ 2 -3  5 -7]
[-2  1 -7  5]
b =  (-3, 7, 4, -8)
rank = 2


A = [ 1  2  0  5]
[-1 -1  1 -3]
[ 2  1 -3  4]
[ 0  1  1  2]
b =  (5, -2, 1, 3)
rank = 2


A = [ 1 -1  0  2]
[-2  3 -3 -5]
[ 1 -2  3  3]
[ 2  0 -6  2]
b =  (1, -6, 5, -6)
rank = 2


A = [ 0 -1 -1 -3]
[ 3  1  4 -3]
[-2 -1 -3  1]
[ 1  1  2  1]
b =  (5, -2, 3, -4)
rank = 2


A = [ 1 -3 -5 -2]
[ 0  1  1  1]
[ 1  0 -2  1]
[ 1 -1 -3  0]
b =  (-5, 3, 4, 1)
rank = 2


A = [ 3 -2  1  1]
[ 1  1  2 -3]
[-5  3 -2 -1]
[ 1 -1  0  1]
b =  (5, 0, -8, 2)
rank = 2


A = [-1 -3  5  4]
[ 4  5 -6 -2]
[ 1  1 -1  0]
[-1 -2  3  2]
b =  (7, 7, 3, 2)
rank = 2


A = [ 1  0  1 -3]
[-1 -1  2  2]
[-2 -3  7  3]
[ 0  1 -3  1]
b =  (-5, -1, -8, 6)
rank = 2


A = [ 1 -1  0  1]
[ 0  1  3  1]
[-2  4  6  0]
[-1  0 -3 -2]
b =  (2, -1, -6, -1)
rank = 2


A = [-2 -1  1 -5]
[ 2 -1 -7  3]
[-1  0  2 -2]
[ 0 -1 -3 -1]
b =  (-2, -6, 1, -4)
rank = 2


A = [ 1  1  3  0]
[ 2  3  7  3]
[-1 -2 -4 -3]
[ 2  1  5 -3]
b =  (2, 3, -1, 5)
rank = 2


A = [ 1  0  2 -2]
[ 2  1  3 -6]
[-2  2 -6  0]
[ 0  1 -1 -2]
b =  (-2, -7, -2, -3)
rank = 2


A = [ 1 -6  4 -7]
[-1  4 -2  5]
[ 0  3 -3  3]
[ 1 -1 -1 -2]
b =  (-2, 0, 3, 3)
rank = 2


A = [ 2  4  0  4]
[-4 -3 -5  2]
[-2  0 -4  4]
[-1 -3  1 -4]
b =  (-2, -6, -6, 3)
rank = 2


A = [ 1 -2  0 -4]
[ 0  1 -1  1]
[ 2  1 -5 -3]
[ 1  1 -3 -1]
b =  (1, 1, 7, 4)
rank = 2


A = [ 1  2  5 -3]
[-1 -1 -2  1]
[ 1  0 -1  1]
[-2 -3 -7  4]
b =  (5, -1, -3, -6)
rank = 2


A = [-1  2  6 -5]
[-1  1  4 -3]
[ 2 -1 -6  4]
[-5 -2  6 -1]
b =  (-1, 0, -1, 7)
rank = 2


A = [-1  0  1  1]
[-2 -1  4  3]
[-1  1 -1  0]
[ 0 -2  4  2]
b =  (-2, -7, 1, -6)
rank = 2


A = [ 4 -3 -5  2]
[-2  1  3  0]
[-1 -1  3  3]
[ 3 -3 -3  3]
b =  (-1, 1, 2, 0)
rank = 2


A = [ 1  2 -5  0]
[ 0  1 -2  1]
[-1  1 -1  3]
[-2  0  2  4]
b =  (-8, -3, -1, 4)
rank = 2


A = [-1  0  1  3]
[ 1 -1  0 -5]
[-1 -1  2  1]
[ 0 -2  2 -4]
b =  (-2, 1, -3, -2)
rank = 2


A = [ 1 -2 -1  6]
[ 1 -1  0  4]
[-1 -1 -2  0]
[-2  1 -1 -6]
b =  (-1, 2, -8, -7)
rank = 2


A = [ 1  2  6  0]
[-1 -1 -4  1]
[ 0  3  6  3]
[-1  0 -2  2]
b =  (7, -6, 3, -5)
rank = 2


A = [-1  0 -1  1]
[-2 -1  0  4]
[-3 -2  1  7]
[ 0 -1  2  2]
b =  (2, -3, -8, -7)
rank = 2


A = [ 4  1 -7 -5]
[-1  3  5 -2]
[-1  2  4 -1]
[ 1  1 -1 -2]
b =  (7, 8, 5, 4)
rank = 2


A = [-1 -4  7  5]
[-1  1 -3 -5]
[-1 -2  3  1]
[ 1 -2  5  7]
b =  (2, -3, 0, 4)
rank = 2


A = [ 1  0  3  1]
[-2  1 -5 -1]
[-2  2 -4  0]
[ 2 -4  2 -2]
b =  (2, -3, -2, 0)
rank = 2


A = [ 1 -2  5  3]
[ 0  1 -2 -2]
[-2  2 -6 -2]
[-1  3 -7 -5]
b =  (-2, -1, 6, 1)
rank = 2


A = [ 1 -2  2  4]
[ 2 -3  2  7]
[ 1  1 -4  1]
[ 2 -2  0  6]
b =  (1, 0, -5, -2)
rank = 2


A = [ 0 -1 -1  3]
[ 1 -1 -4  2]
[ 1  0 -3 -1]
[ 1 -2 -5  5]
b =  (-6, 1, 7, -5)
rank = 2


A = [ 1  0 -1  2]
[-4  1  2 -7]
[-5  3 -1 -7]
[ 3  1 -5  7]
b =  (1, -5, -8, 2)
rank = 2


A = [ 1  0  3  1]
[ 0  1 -2 -2]
[ 1 -2  7  5]
[ 1 -1  5  3]
b =  (6, -1, 8, 7)
rank = 2


A = [ 2  3  1  1]
[ 0  1  1 -1]
[-1  1  2 -3]
[-1 -2 -1  0]
b =  (0, 2, 5, -1)
rank = 2


A = [ 1 -3  5  2]
[-1  4 -7 -4]
[ 0 -1  2  2]
[ 1 -1  1 -2]
b =  (5, -4, -1, 7)
rank = 2


A = [ 1 -2  1 -5]
[-1  1 -2  2]
[ 1  1  4  4]
[ 0  2  2  6]
b =  (5, -1, -7, -8)
rank = 2


A = [-2 -3  4  1]
[ 1 -2  5  3]
[-1  1 -3 -2]
[ 1  0  1  1]
b =  (5, -6, 5, -4)
rank = 2


A = [ 2 -3 -4 -2]
[ 1 -1 -1  0]
[ 1 -2 -3 -2]
[ 1 -3 -5 -4]
b =  (5, 2, 3, 4)
rank = 2


A = [-1  3 -7  5]
[-1  2 -5  3]
[ 2  1  0  4]
[ 0 -1  2 -2]
b =  (0, 1, -7, 1)
rank = 2


A = [ 1  3  4 -5]
[ 0  1  2 -1]
[-1 -1  0  3]
[ 2  3  2 -7]
b =  (-8, -3, 2, -7)
rank = 2


------------------------ New data for 2022/04/03 10:43:28 ------------------------
A = [ 1  3 -1 -4]
[-2 -5  1  6]
[-1 -2  0  2]
[ 0 -1  1  2]
b =  (5, -6, -1, -4)
rank = 2


A = [ 1 -1  3  0]
[-1  5 -7  4]
[-1  4 -6  3]
[ 0  1 -1  1]
b =  (-4, -8, -5, -3)
rank = 2


A = [ 1  0  1 -2]
[-1  3 -7  5]
[ 0  1 -2  1]
[-2  2 -6  6]
b =  (-3, -3, -2, 2)
rank = 2


A = [ 1 -3  5  0]
[ 1 -2  4 -1]
[-1  1 -3  2]
[ 0 -2  2  2]
b =  (3, 4, -5, -2)
rank = 2


A = [-1 -5 -3  2]
[ 1  4  2 -1]
[-1  0  2 -3]
[ 2  1 -3  5]
b =  (-1, 0, 4, -7)
rank = 2


A = [-2 -2  0 -2]
[ 0  1  2  2]
[ 1  0 -2 -1]
[-1  2  6  5]
b =  (6, 1, -4, 6)
rank = 2


A = [ 1  5 -3 -4]
[-1 -4  2  3]
[-1  0 -2 -1]
[ 0  5 -5 -5]
b =  (0, -1, -5, -5)
rank = 2


A = [ 1  1 -4  0]
[-2 -1  6  1]
[-1  2 -2  3]
[ 2  0 -4 -2]
b =  (5, -6, 7, 2)
rank = 2


A = [ 2 -3 -4 -7]
[ 0  1  2  1]
[ 1 -2 -3 -4]
[-1  1  1  3]
b =  (-1, -3, 1, 2)
rank = 2


A = [ 2 -1 -3  0]
[-1  1  0  1]
[ 0 -1  3 -2]
[ 1 -2  3 -3]
b =  (-5, 3, -1, -4)
rank = 2


A = [-2 -2 -2  2]
[ 0  1  2  1]
[ 2 -2 -6 -6]
[-1  0  1  2]
b =  (4, -1, 0, 1)
rank = 2


A = [ 1  3  7  4]
[-1 -2 -5 -3]
[ 0 -2 -4 -2]
[-1  0 -1 -1]
b =  (1, 1, -4, 5)
rank = 2


A = [ 1 -1  3  0]
[-3 -2 -4 -5]
[ 0 -2  2 -2]
[-2 -1 -3 -3]
b =  (7, -6, 6, -5)
rank = 2


A = [ 1 -2  1  4]
[ 2 -3  1  7]
[ 1  0 -1  2]
[-2  1  1 -5]
b =  (5, 8, 1, -4)
rank = 2


A = [ 1 -1  0 -3]
[ 2 -1 -1 -4]
[ 2  0 -2 -2]
[ 0 -1  1 -2]
b =  (-1, 0, 2, -2)
rank = 2


A = [-2 -1 -5  0]
[ 0  1 -1 -4]
[-1 -2 -1  6]
[ 1  1  2 -2]
b =  (4, 2, -1, -1)
rank = 2


A = [-2 -1  4 -1]
[-1 -1  3  1]
[ 1  3 -7 -7]
[ 1  0 -1  2]
b =  (7, 2, 4, -5)
rank = 2


A = [ 1  2  6 -2]
[-1 -1 -4  0]
[ 0 -3 -6  6]
[-1  1  0 -4]
b =  (-5, 3, 6, -1)
rank = 2


A = [-5 -2  3  1]
[-2 -1  1  0]
[-1 -2 -1 -3]
[-3 -5 -2 -7]
b =  (7, 3, 3, 8)
rank = 2


A = [ 1 -1  0  1]
[-4  5 -1 -3]
[-4  6 -2 -2]
[ 3 -5  2  1]
b =  (-2, 5, 2, 0)
rank = 2


A = [-2  5 -4 -7]
[-1 -1  5  0]
[-1  1  1 -2]
[ 1  0 -3  1]
b =  (-1, -4, -2, 3)
rank = 2


A = [ 1  3  0 -7]
[-1 -2 -1  5]
[ 1  0  3 -1]
[ 0  3 -3 -6]
b =  (2, -3, 5, -3)
rank = 2


A = [ 4  6  2  2]
[-2 -5 -3  1]
[ 0 -4 -4  4]
[ 1  1  0  1]
b =  (-6, 1, -4, -2)
rank = 2


A = [ 2 -3  7 -4]
[ 1  0 -1  1]
[ 0  2 -6  4]
[ 1 -2  5 -3]
b =  (7, 2, -2, 4)
rank = 2


A = [ 1  2 -7 -1]
[ 0  1 -3 -1]
[-1 -1  4  0]
[-1  0  1 -1]
b =  (-7, -5, 2, -3)
rank = 2


A = [ 1 -3  4  7]
[ 1 -2  2  5]
[ 1 -1  0  3]
[ 0  3 -6 -6]
b =  (6, 5, 4, -3)
rank = 2


A = [ 1  4  5 -3]
[ 0  1  1 -1]
[ 1  6  7 -5]
[ 1  3  4 -2]
b =  (2, 1, 4, 1)
rank = 2


A = [-1  1  0  2]
[ 0  1  3  1]
[ 2 -4 -6 -6]
[ 1 -3 -6 -4]
b =  (-4, 1, 6, 2)
rank = 2


A = [ 0  1  2 -2]
[-1  2  7 -5]
[ 2  1 -4  0]
[ 2  0 -6  2]
b =  (-1, -6, 7, 8)
rank = 2


A = [ 1  0 -1 -1]
[ 5  1 -2 -4]
[ 4 -1 -7 -5]
[ 3  1  0 -2]
b =  (1, 8, 1, 6)
rank = 2


A = [ 2  0 -2 -4]
[ 0  1 -2 -1]
[ 2  2 -6 -6]
[ 1 -1  1 -1]
b =  (-2, -3, -8, 2)
rank = 2


A = [-1  0  3  1]
[-1 -1  4  0]
[ 0  3 -3  3]
[ 1  3 -6  2]
b =  (2, 1, 3, 1)
rank = 2


A = [-1  1  0 -3]
[ 1 -2  1  5]
[ 1  0 -1  1]
[ 0  1 -1 -2]
b =  (3, -7, 1, 4)
rank = 2


A = [ 1  1 -1  2]
[-2 -1  0 -3]
[ 4  1  2  5]
[-4 -3  2 -7]
b =  (-2, 1, 1, 5)
rank = 2


A = [-1  0 -1 -2]
[-1  2 -5  2]
[ 0  2 -4  4]
[-2  1 -4 -2]
b =  (-2, 4, 6, -1)
rank = 2


A = [-3  1  5  4]
[ 2 -1 -3 -2]
[ 1  2 -4 -6]
[-2  4  0 -4]
b =  (3, -1, -8, -8)
rank = 2


A = [ 0 -2  4 -4]
[ 1  2 -2  3]
[ 3  1  4 -1]
[ 1  3 -4  5]
b =  (-4, 1, -7, 3)
rank = 2


A = [ 1 -2  6  5]
[ 1 -1  4  3]
[ 0  2 -4 -4]
[-1  0 -2 -1]
b =  (5, 6, 2, -7)
rank = 2


A = [-3  1  3 -4]
[ 5 -4  2  2]
[-1  3 -7  4]
[ 4 -2 -2  4]
b =  (5, -6, -1, -6)
rank = 2


A = [ 1 -1 -1 -1]
[ 0  1 -1  2]
[-2  3  1  4]
[ 1  0 -2  1]
b =  (3, 1, -5, 4)
rank = 2


A = [ 1  3 -7 -4]
[-1 -2  5  3]
[ 1  1 -3 -2]
[ 0 -1  2  1]
b =  (6, -5, 4, -1)
rank = 2


A = [ 1  2  2  0]
[ 0  1  2 -1]
[ 4  5  2  3]
[-2 -3 -2 -1]
b =  (2, 3, -1, -1)
rank = 2


A = [ 1  1  0 -5]
[ 1  2  1 -7]
[ 0  1  1 -2]
[-1  1  2  1]
b =  (3, 2, -1, -5)
rank = 2


A = [ 1  1  0  4]
[ 0  1  2  3]
[ 1  0 -2  1]
[ 1 -2 -6 -5]
b =  (1, -1, 2, 4)
rank = 2


A = [ 1  2 -4  0]
[ 0  1 -1  1]
[ 1  4 -6  2]
[-1 -3  5 -1]
b =  (-3, -1, -5, 4)
rank = 2


A = [ 1  0 -1 -1]
[ 0  1 -1 -2]
[-1  2 -1 -3]
[ 2 -3  1  4]
b =  (7, 5, 3, -1)
rank = 2


A = [ 1 -1  3  0]
[-2  3 -7 -2]
[-3  1 -7  4]
[ 1 -3  5  4]
b =  (1, -4, 1, 5)
rank = 2


A = [-5 -3  4  7]
[-2 -1  1  3]
[-1  0 -1  2]
[-3 -2  3  4]
b =  (-3, -2, -3, -1)
rank = 2


A = [ 0 -2  2 -4]
[-3  1  2 -1]
[ 1  2 -3  5]
[ 2 -3  1 -4]
b =  (2, 5, -4, -1)
rank = 2


A = [-1  0  3  1]
[ 0  1  2 -1]
[-1  1  5  0]
[ 1  1 -1 -2]
b =  (5, -1, 4, -6)
rank = 2


A = [ 2 -1  2 -7]
[ 0  1  2  3]
[-2  0 -4  4]
[-1  1  0  5]
b =  (-3, 5, -2, 4)
rank = 2


A = [ 1  1  1 -3]
[ 2  3  1 -7]
[ 2 -3  7 -1]
[ 1  0  2 -2]
b =  (-2, -5, 1, -1)
rank = 2


A = [-1 -1 -1  0]
[-2 -5  1  6]
[-1 -4  2  6]
[ 2  4  0 -4]
b =  (1, -4, -5, 2)
rank = 2


A = [ 0 -4  4  4]
[ 1 -2  4  3]
[-1 -1 -1  0]
[ 1  2  0 -1]
b =  (-4, 0, -3, 4)
rank = 2


A = [ 1 -1 -1 -3]
[ 0  1  2  2]
[-1 -1 -3 -1]
[ 1  3  7  5]
b =  (-7, 2, 3, 1)
rank = 2


A = [ 2 -2  6  0]
[ 3 -5  7 -6]
[ 1  0  4  3]
[-2  3 -5  3]
b =  (6, 1, 7, -2)
rank = 2


A = [-1  0  1 -2]
[-2 -1  5  0]
[-1 -1  4  2]
[ 0  1 -3 -4]
b =  (1, -3, -4, 5)
rank = 2


A = [ 1 -1 -2 -2]
[ 0  1  3  1]
[ 1  1  4  0]
[-1  0 -1  1]
b =  (6, -5, -4, -1)
rank = 2


A = [-3  0 -3 -3]
[-3  4 -7  5]
[ 1 -4  5 -7]
[-4  1 -5 -2]
b =  (3, -1, 3, 3)
rank = 2


A = [ 0  2 -4  4]
[-2 -1  6  0]
[ 1 -1  0 -3]
[ 2  0 -4 -2]
b =  (-6, 5, 2, -2)
rank = 2


A = [ 3  5 -7  2]
[-2 -3  4 -1]
[ 0 -2  4 -2]
[ 1  3 -5  2]
b =  (-4, 3, -2, 0)
rank = 2


A = [ 6  3  0  6]
[ 1  1  1  0]
[ 5  2 -1  6]
[-5 -3 -1 -4]
b =  (3, 2, 1, -4)
rank = 2


A = [ 1  0 -3 -2]
[-2  1  3  6]
[ 0 -2  6 -4]
[ 1 -2  3 -6]
b =  (3, -2, -8, -5)
rank = 2


A = [-1  0  1 -1]
[-2 -1  5 -1]
[-1  1 -2 -2]
[-1 -2  7  1]
b =  (5, 7, 8, -1)
rank = 2


A = [ 0 -2 -4  2]
[-1  4  5 -5]
[ 1 -1  1  2]
[ 1 -3 -3  4]
b =  (-6, 7, 2, -4)
rank = 2


A = [ 0  2  2  2]
[-1 -1  1 -4]
[-2 -1  3 -7]
[-1  0  2 -3]
b =  (-2, -3, -7, -4)
rank = 2


A = [ 1  3  6 -2]
[ 1  1  4  0]
[ 1  2  5 -1]
[ 0  3  3 -3]
b =  (8, 6, 7, 3)
rank = 2


A = [ 1  4  5  2]
[ 1 -1 -5 -3]
[-1  0  3  2]
[ 0 -2 -4 -2]
b =  (0, 5, -4, 2)
rank = 2


A = [ 1 -1  0  3]
[ 1  6  7 -4]
[ 0 -2 -2  2]
[-1 -4 -5  2]
b =  (-7, 7, -4, -3)
rank = 2


A = [ 1  3 -5  7]
[ 0  1 -2  3]
[-1 -1  1 -1]
[-2  0 -2  4]
b =  (-2, -1, 0, -2)
rank = 2


A = [ 0  1 -3 -1]
[-1 -2  3  4]
[ 1  3 -6 -5]
[-1 -1  0  3]
b =  (-1, -4, 3, -5)
rank = 2


A = [-1  2  5  4]
[ 1  1  1 -1]
[-1  1  3  3]
[-2  1  4  5]
b =  (-5, 2, -4, -7)
rank = 2


A = [ 1 -1  1  4]
[ 1  0  2  2]
[ 2  1  5  2]
[ 0 -2 -2  4]
b =  (0, -1, -3, 2)
rank = 2


A = [-2  1 -3 -6]
[ 1 -1  1  4]
[ 1  0  2  2]
[ 0 -1 -1  2]
b =  (5, -1, -4, 3)
rank = 2


A = [ 1  1  0  1]
[ 0  1  1  2]
[ 1  4  3  7]
[-1  0  1  1]
b =  (-3, -1, -6, 2)
rank = 2


A = [ 1 -2 -3 -1]
[ 2  3  1  5]
[ 0  3  3  3]
[ 3  3  0  6]
b =  (5, 3, -3, 6)
rank = 2


A = [ 1 -3  4  7]
[ 0  1 -1 -2]
[-1  2 -3 -5]
[ 1  0  1  1]
b =  (2, -1, -1, -1)
rank = 2


A = [ 4  1 -5 -6]
[-2 -1  3  2]
[-2 -4  6 -4]
[ 1  0 -1 -2]
b =  (7, -3, 0, 2)
rank = 2


A = [-2 -3 -4 -1]
[-1 -1 -1 -1]
[ 2  4  6  0]
[ 3  5  7  1]
b =  (-1, -2, -2, 0)
rank = 2


A = [ 2 -1  5  6]
[-1  2 -7 -6]
[ 0 -2  6  4]
[-1  0 -1 -2]
b =  (8, -7, 4, -3)
rank = 2


A = [ 1  0  2  2]
[ 1  1  6  3]
[ 3 -1  2  5]
[-2  1  0 -3]
b =  (3, 8, 4, -1)
rank = 2


A = [-1  6  3 -7]
[-1  5  2 -6]
[ 2 -4  2  6]
[ 0 -1 -1  1]
b =  (-8, -7, 8, 1)
rank = 2


A = [-1  0  2 -1]
[-1  5 -3 -6]
[ 1 -2  0  3]
[ 0 -3  3  3]
b =  (-7, 3, 3, -6)
rank = 2


A = [-1  0 -2  1]
[ 1 -1  3 -3]
[ 0 -1  1 -2]
[-2  1 -5  4]
b =  (-1, -4, -5, 3)
rank = 2


A = [-2 -3  3  1]
[-1 -2  1  0]
[ 1  3  0  1]
[-1 -4 -1 -2]
b =  (-1, -1, 2, -3)
rank = 2


------------------------ New data for 2022/04/03 10:47:52 ------------------------
A = [ 1  1  3  0]
[ 0  1  2  1]
[-3  0 -3  3]
[-3 -1 -5  2]
b =  (-4, -5, -3, 2)
rank = 2


A = [-2 -1 -3  0]
[-1 -1 -1 -1]
[-2 -3 -1 -4]
[ 3  5  1  7]
b =  (4, 1, 0, 1)
rank = 2


A = [ 0  3 -6  3]
[ 4 -3  2  1]
[ 1 -4  7 -3]
[-3  4 -5  1]
b =  (-3, 7, 5, -7)
rank = 2


A = [ 1 -1 -2  0]
[ 1  0  1  1]
[ 0  1  3  1]
[ 1  1  4  2]
b =  (1, -2, -3, -5)
rank = 2


A = [ 1  3 -7  1]
[-1  2 -3  4]
[ 3  0 -3 -6]
[ 0  2 -4  2]
b =  (-5, -5, 3, -4)
rank = 2


A = [ 1  0 -2 -1]
[ 2  1 -2 -3]
[-3 -1  4  4]
[-1 -1  0  2]
b =  (-4, -1, 5, -3)
rank = 2


A = [-2 -3 -1 -1]
[ 1  3  2  5]
[ 0  1  1  3]
[-3 -5 -2 -3]
b =  (4, -5, -2, 7)
rank = 2


A = [-2 -1  5  3]
[ 3  1 -7 -5]
[ 0 -2  2 -2]
[ 1  4 -6  2]
b =  (-3, 4, -2, 5)
rank = 2


A = [ 1 -1  1 -1]
[-1  0 -3 -1]
[ 0 -2 -4 -4]
[-1 -2 -7 -5]
b =  (-8, 5, -6, -1)
rank = 2


A = [ 1  0  2 -1]
[-2  1 -7  4]
[-4 -2 -2  0]
[ 1  2 -4  3]
b =  (1, -1, -6, 3)
rank = 2


A = [ 1  0 -2 -1]
[-1  2  4 -3]
[-2  3  7 -4]
[ 0  1  1 -2]
b =  (-7, -5, -4, -6)
rank = 2


A = [ 1 -4  5 -6]
[ 0  1 -1  1]
[ 2  1  1 -3]
[ 2  0  2 -4]
b =  (-7, 1, -5, -6)
rank = 2


A = [-1 -1 -3  0]
[-2 -3 -7  1]
[-2  1 -3 -3]
[-1 -4 -6  3]
b =  (1, 4, -4, 7)
rank = 2


A = [ 1 -2  0 -4]
[ 2 -3 -1 -7]
[ 3 -1 -5 -7]
[ 0  2 -2  2]
b =  (-5, -7, 0, 6)
rank = 2


A = [ 1 -3  1  5]
[ 0  1 -1 -2]
[-1  2  0 -3]
[-1  1  1 -1]
b =  (2, -1, -1, 0)
rank = 2


A = [ 1  2 -3  1]
[-3 -5  6 -1]
[-1 -3  6 -3]
[-3 -4  3  1]
b =  (3, -7, -5, -5)
rank = 2


A = [ 0  2 -4 -2]
[-1 -2  5  0]
[ 1  0 -1  2]
[ 1  1 -3  1]
b =  (-6, -1, 7, 4)
rank = 2


A = [ 1  1  0  2]
[-1  2 -3  7]
[ 0 -1  1 -3]
[ 1  0  1 -1]
b =  (2, 1, -1, 1)
rank = 2


A = [-1 -1  0 -3]
[ 0  1  1  2]
[ 1 -2 -3 -3]
[-1  1  2  1]
b =  (-7, 4, -5, 1)
rank = 2


A = [-2 -1 -4  1]
[ 1 -3 -5 -4]
[-1  1  1  2]
[ 0  2  4  2]
b =  (0, -7, 3, 4)
rank = 2


A = [ 1  0  1 -2]
[-1  1 -3  4]
[-2 -3  4 -2]
[ 2 -1  4 -6]
b =  (-2, 5, -5, -7)
rank = 2


A = [ 2 -3 -5 -1]
[ 1 -1 -1 -1]
[-1  3  7 -1]
[-1  0 -2  2]
b =  (0, -1, -3, 3)
rank = 2


A = [ 1 -1  0  3]
[ 2 -1 -1  4]
[-3  2  1 -7]
[ 3  0 -3  3]
b =  (-1, -3, 4, -6)
rank = 2


A = [-1 -1 -6  5]
[ 1 -2 -3  4]
[ 0  1  3 -3]
[ 1 -1  0  1]
b =  (-3, 6, -1, 5)
rank = 2


A = [-2 -1  1  4]
[ 1  3  2  3]
[ 1  1  0 -1]
[ 1  0 -1 -3]
b =  (5, -5, -3, -2)
rank = 2


A = [ 2 -2  2  4]
[ 2 -3  5  7]
[ 0 -2  6  6]
[-1  0  2  1]
b =  (-6, -5, 2, 4)
rank = 2


A = [ 1  0 -2 -2]
[-2  1  3  2]
[ 1  2 -4 -6]
[-5  3  7  4]
b =  (-1, 3, 1, 8)
rank = 2


A = [-5 -2  3 -2]
[ 2  1 -1  0]
[ 1  1  0 -2]
[ 3  1 -2  2]
b =  (6, -1, 3, -5)
rank = 2


A = [ 1  2  1 -1]
[ 1  3  2  0]
[-3 -3  0  6]
[-1  1  2  4]
b =  (0, 1, 3, 3)
rank = 2


A = [ 2 -1  6  5]
[ 1  0  2  3]
[ 0  1 -2  1]
[-1  1 -4 -2]
b =  (-3, -4, -5, -1)
rank = 2


A = [ 1  4  7  6]
[-1  3  7  1]
[ 0 -2 -4 -2]
[ 1 -1 -3  1]
b =  (7, 0, -2, 2)
rank = 2


A = [ 1  3  0  1]
[ 0  1 -1  1]
[-3 -6 -3  0]
[ 3  7  2  1]
b =  (-2, -1, 3, -4)
rank = 2


A = [ 1 -1  0 -2]
[ 2 -1  2 -6]
[-1  4  6 -4]
[ 1 -3 -4  2]
b =  (-3, -8, -3, 1)
rank = 2


A = [ 1 -1  0  3]
[ 1 -2 -1  5]
[-1  3  2 -7]
[ 0  1  1 -2]
b =  (-3, -4, 5, 1)
rank = 2


A = [ 1  0 -1  4]
[ 0  1 -2 -1]
[ 1 -1  1  5]
[-1  2 -3 -6]
b =  (6, 7, -1, 8)
rank = 2


A = [ 1  0 -3 -1]
[ 1  1 -5  1]
[ 3 -1 -7 -5]
[ 3 -2 -5 -7]
b =  (-3, -7, -5, -1)
rank = 2


A = [ 7  4 -3 -1]
[-1  1  2 -3]
[-3 -2  1  1]
[-1  0  1 -1]
b =  (5, -7, -1, -3)
rank = 2


A = [ 1 -1  0  2]
[-2  3 -1 -7]
[-1 -1  2  4]
[-1  2 -1 -5]
b =  (-1, 4, -3, 3)
rank = 2


A = [ 1  5  6 -3]
[ 0  1  1 -1]
[-2 -3 -5 -1]
[ 1  0  1  2]
b =  (-2, -1, -3, 3)
rank = 2


A = [ 1  1  0 -1]
[-3 -2  3  0]
[-2 -1  3 -1]
[ 2  3  3 -5]
b =  (1, 1, 2, 6)
rank = 2


A = [ 1  2  5  0]
[-1 -1 -2 -1]
[-2 -3 -7 -1]
[-1  0  1 -2]
b =  (-1, 2, 3, 3)
rank = 2


A = [ 1 -1  1 -1]
[ 0  1  1  2]
[-5  3 -7  1]
[-3  1 -5 -1]
b =  (-3, 5, 5, -1)
rank = 2


A = [ 1  1  2 -3]
[ 0  1  3 -1]
[-1  1  4  1]
[-2 -1 -1  5]
b =  (-4, -1, 2, 7)
rank = 2


A = [ 1  0 -1  1]
[-1  1  3  0]
[-3  1  5 -2]
[-3  2  7 -1]
b =  (-1, -1, 1, -1)
rank = 2


A = [ 1  1  3  3]
[-1  3  5  1]
[ 0  1  2  1]
[-2  1  0 -3]
b =  (-5, 1, -1, 7)
rank = 2


A = [ 1 -2 -2 -1]
[ 0  1  2  2]
[-1  1  0 -1]
[-1  3  4  3]
b =  (2, -3, 1, -5)
rank = 2


A = [ 1 -4 -7 -6]
[-1 -1 -3 -4]
[ 1  0  1  2]
[ 0 -2 -4 -4]
b =  (-2, -3, 2, -2)
rank = 2


A = [ 1 -3  4 -7]
[-1 -2  1 -3]
[ 0 -2  2 -4]
[ 1  1  0  1]
b =  (-2, -3, -2, 2)
rank = 2


A = [ 0 -2 -4 -4]
[-3 -2 -7  2]
[ 1  3  7  4]
[-2  0 -2  4]
b =  (-6, -3, 8, 2)
rank = 2


A = [ 2  2 -6  4]
[ 1  3 -5  4]
[ 1  0 -2  1]
[ 1  4 -6  5]
b =  (-2, 3, -3, 5)
rank = 2


A = [-1  1  1  4]
[ 0  1 -1  1]
[ 2  2 -6 -4]
[-2 -3  7  3]
b =  (1, 2, 6, -8)
rank = 2


A = [ 1 -1  0 -6]
[-2 -1 -6  3]
[ 1  1  4  0]
[ 0  1  2  3]
b =  (4, 1, -2, -3)
rank = 2


A = [-1  0 -2  2]
[-1  4 -6 -6]
[ 2 -3  7  2]
[-1  3 -5 -4]
b =  (-4, 8, -1, 5)
rank = 2


A = [-1  4 -3  5]
[-1  3 -2  4]
[-1 -3  4 -2]
[-2  5 -3  7]
b =  (-2, -1, 5, -1)
rank = 2


A = [ 1  0  2  1]
[ 0  1 -1 -1]
[-1  1 -3 -2]
[ 4  2  6  2]
b =  (-3, 5, 8, -2)
rank = 2


A = [-3 -4 -5 -6]
[ 2  1  0 -1]
[-1  0  1  2]
[-2 -2 -2 -2]
b =  (7, -8, 5, 6)
rank = 2


A = [-2 -1 -1  2]
[ 1  3 -7  4]
[-1 -1  1  0]
[-2 -3  5 -2]
b =  (6, 7, 1, -2)
rank = 2


A = [ 1 -1 -4 -5]
[ 1  0 -1 -3]
[ 0 -2 -6 -4]
[ 1 -2 -7 -7]
b =  (-1, -2, 2, 0)
rank = 2


A = [-2 -1 -5 -2]
[ 1  3  5 -4]
[ 1  1  3  0]
[ 0 -3 -3  6]
b =  (7, -1, -3, -3)
rank = 2


A = [ 4 -6  2 -4]
[-2  1 -3 -2]
[-1  2  0  2]
[ 1  1  3  4]
b =  (-2, -5, 2, 7)
rank = 2


A = [ 1 -1 -1  0]
[-4  5  3 -2]
[-2  5 -1 -6]
[-1  3 -1 -4]
b =  (-1, 6, 8, 5)
rank = 2


A = [ 2  4  6  0]
[ 0  1  2 -1]
[ 1  1  1  1]
[ 1  3  5 -1]
b =  (6, 4, -1, 7)
rank = 2


A = [ 5  1  3 -4]
[-1  2 -5  3]
[-4  1 -6  5]
[-2 -1  0  1]
b =  (2, -7, -7, 1)
rank = 2


A = [ 1 -1 -5 -4]
[-1  2  7  6]
[ 1  2  1  2]
[-1 -1  1  0]
b =  (1, 0, 4, -3)
rank = 2


A = [-1 -1  1  3]
[ 1  0  1 -1]
[-3  1 -5  1]
[ 2 -2  6  2]
b =  (-5, 1, 1, -6)
rank = 2


A = [-1 -3 -7  6]
[-1  4  7 -1]
[ 1  0  1 -3]
[-1  2  3  1]
b =  (-8, -1, 5, -3)
rank = 2


A = [ 1 -1 -4  5]
[-1 -1  0  3]
[ 0  1  2 -4]
[-1 -2 -2  7]
b =  (-1, -3, 2, -5)
rank = 2


A = [ 1  3  6  7]
[ 0  1  1  2]
[-1 -1 -4 -3]
[ 1  2  5  5]
b =  (4, -1, -6, 5)
rank = 2


A = [ 1 -1  0  1]
[-1  0 -1 -2]
[ 0  1  1  1]
[-1 -1 -2 -3]
b =  (5, -1, -4, 3)
rank = 2


A = [ 4  5  1 -7]
[-1 -1  0  1]
[-3 -4 -1  6]
[ 0  1  1 -3]
b =  (-1, -1, 2, -5)
rank = 2


A = [ 1  1  0  1]
[ 3  4 -1  5]
[ 1  3 -2  5]
[ 1  0  1 -1]
b =  (1, -1, -7, 5)
rank = 2


A = [ 0  1 -1 -1]
[ 1  6 -2 -4]
[-1 -3 -1  1]
[-1 -4  0  2]
b =  (1, -2, 5, 4)
rank = 2


A = [-2 -1 -3 -4]
[ 1 -3 -2 -5]
[ 0  1  1  2]
[-1  1  0  1]
b =  (5, 8, -3, -2)
rank = 2


A = [ 2 -1 -3 -1]
[ 0  1  1 -3]
[ 3 -2 -5  0]
[-1  1  2 -1]
b =  (-1, -1, -1, 0)
rank = 2


A = [ 1  1  0 -2]
[ 1  2  1 -5]
[ 1 -1 -2  4]
[ 2  3  1 -7]
b =  (-3, -4, -1, -7)
rank = 2


A = [ 1  0 -2  2]
[-2  1  3 -5]
[ 0 -1  1  1]
[ 1 -3  1  5]
b =  (5, -7, -3, -4)
rank = 2


A = [ 0  2 -4  2]
[ 1  2 -7  1]
[-1  1  1  2]
[ 1  1 -5  0]
b =  (4, -1, 7, -3)
rank = 2


A = [-1 -1  2  0]
[ 2 -5  3  7]
[-1  1  0 -2]
[ 0  4 -4 -4]
b =  (3, 1, 1, -4)
rank = 2


A = [-3  1 -7 -7]
[ 0  1 -1  2]
[-2  0 -4 -6]
[-1 -1 -1 -5]
b =  (-5, 4, -6, -7)
rank = 2


A = [ 3 -2  5  7]
[ 0  1 -1 -2]
[ 1 -3  4  7]
[ 1  0  1  1]
b =  (-3, 3, -8, 1)
rank = 2


A = [-1 -4  2  5]
[ 0  1 -1 -1]
[ 1  1  1 -2]
[-1  0 -2  1]
b =  (-4, -1, 7, -8)
rank = 2


A = [-1 -4  0  2]
[-1  3  7 -5]
[ 0  5  5 -5]
[-1 -1  3 -1]
b =  (-1, -8, -5, -4)
rank = 2


A = [-2  1  3  0]
[-4  1  7  2]
[-1 -1  3  3]
[-3  1  5  1]
b =  (-5, -3, 8, -4)
rank = 2


A = [-1  0  1  2]
[ 1 -1 -3 -3]
[-1 -1 -1  1]
[-1  2  5  4]
b =  (-1, 2, 0, -3)
rank = 2


A = [ 1  0  1 -1]
[-1 -2 -3  5]
[-1 -3 -4  7]
[ 0  3  3 -6]
b =  (5, -1, 1, -6)
rank = 2


A = [-1  1 -2  3]
[-1  0  1 -1]
[ 0 -1  3 -4]
[-1 -1  4 -5]
b =  (7, 2, -5, -3)
rank = 2


A = [ 2  1  3  6]
[ 0  1 -1  2]
[ 3  0  6  6]
[ 1  2  0  6]
b =  (0, 2, -3, 3)
rank = 2


A = [ 1  3 -5 -4]
[ 1  4 -6 -5]
[-1 -2  4  3]
[ 0 -2  2  2]
b =  (-1, -2, 0, 2)
rank = 2


A = [ 3  2  5 -7]
[-1  0 -1  1]
[ 0  1  1 -2]
[-2 -1 -3  4]
b =  (1, -1, -1, -1)
rank = 2


A = [ 2  0 -4 -6]
[ 1  3 -5 -6]
[-1  2  0  1]
[-1 -1  3  4]
b =  (-4, 7, 8, -1)
rank = 2


A = [ 1  0  1  3]
[ 1  1  0  6]
[ 0 -2  2 -6]
[ 2 -1  3  3]
b =  (-3, -1, -4, -8)
rank = 2


A = [ 1  1 -3 -2]
[-2 -1  4  3]
[-3 -1  5  4]
[ 0  1 -2 -1]
b =  (-2, 1, 0, -3)
rank = 2


A = [ 1  1  1 -1]
[ 1  2  0 -4]
[-2 -1 -3 -1]
[-3 -4 -2  6]
b =  (3, 1, -8, -7)
rank = 2


A = [-3  5 -2 -1]
[ 1  0 -1 -3]
[-2  3 -1  0]
[ 1 -3  2  3]
b =  (-4, 3, -3, 0)
rank = 2


A = [-2  1  4  3]
[ 2  3  4 -7]
[-1  1  3  1]
[-3  0  3  6]
b =  (1, -5, 0, 3)
rank = 2


A = [ 2  4 -6 -2]
[ 0  1 -1 -1]
[-1 -6  7  5]
[-1  0  1 -1]
b =  (0, -1, 4, -2)
rank = 2


------------------------ New data for 2022/04/03 10:51:09 ------------------------
A = [ 1  1  2 -5]
[ 0  1  1 -3]
[ 1  0  1 -2]
[ 2  1  3 -7]
b =  (1, -1, 2, 3)
rank = 2


A = [ 2 -3 -2  7]
[ 1 -1  0  3]
[ 0  2  4 -2]
[-2  1 -2 -5]
b =  (-6, -1, 8, -2)
rank = 2


A = [ 1 -3  5  4]
[ 0  1 -2 -1]
[ 2 -3  4  5]
[ 1  0 -1  1]
b =  (-1, 2, 4, 5)
rank = 2


A = [ 1 -3  7 -4]
[ 0  1 -2  1]
[ 1 -1  3 -2]
[-1  2 -5  3]
b =  (2, -1, 0, -1)
rank = 2


A = [ 1  1  2  1]
[ 1 -1  0  5]
[-1  0 -1 -3]
[ 0  1  1 -2]
b =  (-6, -8, 7, 1)
rank = 2


A = [ 1 -5  6 -3]
[-1  6 -7  4]
[-1  3 -4  1]
[ 0 -2  2 -2]
b =  (-1, 2, -1, -2)
rank = 2


A = [ 3  2 -1  3]
[ 0  1 -2  3]
[-1  0 -1  1]
[ 2  3 -4  7]
b =  (5, 1, -1, 5)
rank = 2


A = [ 1 -2 -1 -3]
[ 0  1 -1  2]
[ 2 -1 -5  0]
[-2  0  6 -2]
b =  (7, -2, 8, -6)
rank = 2


A = [-1  0  1 -1]
[ 2 -5 -7 -3]
[-2  3  5  1]
[ 1  1  0  2]
b =  (1, 8, -4, -3)
rank = 2


A = [ 1 -4 -5  2]
[ 1 -3 -4  1]
[ 0 -3 -3  3]
[-1  0  1  2]
b =  (-6, -5, -3, 2)
rank = 2


A = [ 1 -3 -1  0]
[ 1  4  6 -7]
[ 1  2  4 -5]
[ 0  3  3 -3]
b =  (7, 0, 2, -3)
rank = 2


A = [ 1 -2  3  5]
[ 0  1 -1 -3]
[-2  0 -2  2]
[ 1  2 -1 -7]
b =  (-4, 3, -4, 8)
rank = 2


A = [ 1  2  3 -2]
[-3 -5 -7  4]
[ 1  0 -1  2]
[ 0 -3 -6  6]
b =  (-1, 4, -3, -3)
rank = 2


A = [ 1  2 -4 -1]
[ 0  1 -1 -2]
[ 2  3 -7  0]
[-2 -2  6 -2]
b =  (5, 3, 7, -4)
rank = 2


A = [ 1 -1 -3 -4]
[ 1  0 -2 -1]
[ 0  1  1  3]
[ 2 -1 -5 -5]
b =  (2, 3, 1, 5)
rank = 2


A = [-1 -2 -1 -4]
[ 4 -3 -7  5]
[ 2 -2 -4  2]
[ 2  1 -1  5]
b =  (-7, -5, -4, 5)
rank = 2


A = [-1  3  2  5]
[ 1 -4 -3 -6]
[-1  0 -1  2]
[ 0  2  2  2]
b =  (5, -7, -1, 4)
rank = 2


A = [ 1 -2  3  1]
[ 2 -3  4  1]
[ 3 -4  5  1]
[ 1  0 -1 -1]
b =  (1, -1, -3, -5)
rank = 2


A = [-1  0 -2  3]
[-1  2 -6  1]
[-2  1 -6  5]
[-2 -1 -2  7]
b =  (1, 5, 4, 0)
rank = 2


A = [ 1 -2  0 -2]
[ 1 -1 -1  0]
[ 0  2 -2  4]
[ 2 -3 -1 -2]
b =  (-5, -1, 8, -6)
rank = 2


A = [ 1  0 -1 -2]
[ 4  1 -6 -7]
[ 2 -1  0 -5]
[-2  2 -2  6]
b =  (-1, -3, -3, 4)
rank = 2


A = [-2 -1  1  0]
[ 1  0  1  2]
[ 0 -1  3  4]
[-1  1 -4 -6]
b =  (-1, 2, 3, -5)
rank = 2


A = [-2 -1  1  3]
[-1  0 -1  1]
[-3 -2  3  5]
[ 4  3 -5 -7]
b =  (-2, 1, -5, 8)
rank = 2


A = [ 1  1  4  4]
[ 1  2  7  6]
[-2 -1 -5 -6]
[ 0 -2 -6 -4]
b =  (-3, -1, 8, -4)
rank = 2


A = [ 1 -2 -7  0]
[ 1 -1 -4  1]
[ 0 -2 -6 -2]
[-1  0  1 -2]
b =  (-7, -3, -8, -1)
rank = 2


A = [ 1 -4 -2 -7]
[ 0  1  1  1]
[-1  3  1  6]
[-1  1 -1  4]
b =  (-1, -1, 2, 4)
rank = 2


A = [ 1  0 -2  1]
[ 0  1 -1  2]
[-2  1  3  0]
[ 4 -1 -7  2]
b =  (3, 8, 2, 4)
rank = 2


A = [ 1 -2  1 -7]
[-1  1  0  5]
[ 1  2 -3  1]
[ 0  2 -2  4]
b =  (8, -5, -4, -6)
rank = 2


A = [-1  4  5  6]
[-1  3  3  5]
[ 2 -1  4 -5]
[ 0 -3 -6 -3]
b =  (-7, -5, 0, 6)
rank = 2


A = [ 1 -5  4 -2]
[ 1 -4  3 -1]
[-1  0  1 -3]
[ 0 -4  4 -4]
b =  (1, 0, 4, 4)
rank = 2


A = [ 1 -1 -3 -1]
[ 1 -4 -6  5]
[-1  2  4 -1]
[ 0 -2 -2  4]
b =  (-7, -4, 6, 2)
rank = 2


A = [ 1  4 -5 -6]
[ 0  1 -2 -2]
[ 1  1  1  0]
[ 1  2 -1 -2]
b =  (3, 2, -3, -1)
rank = 2


A = [ 0  1  1  1]
[-1  5  3  2]
[-3  7  1 -2]
[-2  6  2  0]
b =  (-2, -3, 7, 2)
rank = 2


A = [ 1  2  4 -2]
[-1 -1 -3  0]
[ 0  3  3 -6]
[ 1 -1  1  4]
b =  (5, -6, -3, 8)
rank = 2


A = [ 1 -1 -3  0]
[-1  4  6 -6]
[ 0 -1 -1  2]
[-1  3  5 -4]
b =  (2, -5, 1, -4)
rank = 2


A = [ 1  4 -2 -7]
[ 0  1 -1 -2]
[ 1  2  0 -3]
[ 1  1  1 -1]
b =  (-8, -1, -6, -5)
rank = 2


A = [-1  3  7  5]
[ 1  0 -1  4]
[-1  2  5  2]
[ 1  1  1  7]
b =  (7, 2, 4, 5)
rank = 2


A = [ 1  3 -4  2]
[ 0  1 -1  1]
[ 2  2 -4  0]
[ 3  4 -7  1]
b =  (1, 2, -6, -7)
rank = 2


A = [ 1  1  0  3]
[ 1 -1 -4 -1]
[ 2 -1 -6  0]
[ 0  3  6  6]
b =  (7, 3, 8, 6)
rank = 2


A = [ 1  0 -2  2]
[ 2  1 -2  3]
[ 3  2 -2  4]
[ 1  1  0  1]
b =  (-4, -5, -6, -1)
rank = 2


A = [ 1  0  2 -2]
[-2  1 -2  5]
[ 0  3  6  3]
[ 1  1  4 -1]
b =  (-4, 7, -3, -5)
rank = 2


A = [ 1  1  3  1]
[-2 -1 -5 -3]
[ 3 -1  5  7]
[-1 -3 -5  1]
b =  (2, -1, -6, -8)
rank = 2


A = [ 2 -1 -6 -5]
[-1  2  6  4]
[ 1 -1 -4 -3]
[ 1  0 -2 -2]
b =  (4, -5, 3, 1)
rank = 2


A = [ 1  1 -1 -4]
[-2 -1  3  5]
[-1  1  3 -2]
[ 0 -2 -2  6]
b =  (1, 0, 3, -4)
rank = 2


A = [ 1 -2 -6 -5]
[-1 -3 -4 -5]
[ 1  4  6  7]
[ 0 -2 -4 -4]
b =  (-5, 0, 1, -2)
rank = 2


A = [ 1  1  5  3]
[ 0  1  3  1]
[ 4 -1  5  7]
[-2  1 -1 -3]
b =  (-8, -5, -7, 1)
rank = 2


A = [ 1  0 -2  3]
[ 1  1 -5  1]
[ 0 -1  3  2]
[ 1 -2  4  7]
b =  (2, 3, -1, 0)
rank = 2


A = [ 0  1 -1  1]
[-1 -3  5 -2]
[ 1  0 -2 -1]
[ 2  3 -7  1]
b =  (-2, 3, 3, 0)
rank = 2


A = [ 1  0 -1 -2]
[ 0  1 -2  1]
[ 1  3 -7  1]
[ 1  2 -5  0]
b =  (-4, -1, -7, -6)
rank = 2


A = [ 1  4 -6  6]
[-1 -3  5 -4]
[-1 -1  3  0]
[ 0  1 -1  2]
b =  (8, -5, 1, 3)
rank = 2


A = [-1 -5 -6 -4]
[ 1  4  5  3]
[ 3  4  7  1]
[ 0 -2 -2 -2]
b =  (1, 0, 8, 2)
rank = 2


A = [ 1  1 -4 -3]
[ 2 -1  1  0]
[ 0 -2  6  4]
[-3  3 -6 -3]
b =  (8, 7, -6, -6)
rank = 2


A = [ 2 -3  7  1]
[ 1 -1  2  0]
[ 1 -2  5  1]
[-1  0  1  1]
b =  (1, -2, 3, 7)
rank = 2


A = [ 2  3 -2  1]
[-1 -1  0 -1]
[ 3  4 -2  2]
[-2 -1 -2 -3]
b =  (0, -1, 1, -4)
rank = 2


A = [ 1  0  1 -2]
[ 0  1  1  1]
[-1 -2 -3  0]
[-1  3  2  5]
b =  (-5, 1, 3, 8)
rank = 2


A = [ 1 -4 -7 -6]
[ 1 -3 -5 -4]
[-1  2  3  2]
[ 0 -2 -4 -4]
b =  (-7, -6, 5, -2)
rank = 2


A = [ 1  4  2  3]
[-2 -7 -3 -5]
[-1  0  2  1]
[ 1  5  3  4]
b =  (3, -4, 5, 5)
rank = 2


A = [ 1  3  7 -4]
[ 0  1  3 -1]
[-1 -1 -1  2]
[-1 -2 -4  3]
b =  (5, 2, -1, -3)
rank = 2


A = [-1  3 -5 -1]
[-1  2 -4  0]
[ 0 -4  4  4]
[-1  4 -6 -2]
b =  (7, 6, -4, 8)
rank = 2


A = [-2  1 -2  1]
[-1  0 -2 -1]
[-1 -1 -4 -4]
[ 0 -1 -2 -3]
b =  (-2, 1, 5, 4)
rank = 2


A = [ 1 -3  1  1]
[-1 -2 -6  4]
[-1  1 -3  1]
[ 0  3  3 -3]
b =  (8, -3, -6, -3)
rank = 2


A = [-1  1  0 -1]
[-1 -2  3  5]
[-1 -1  2  3]
[-1 -3  4  7]
b =  (2, 5, 4, 6)
rank = 2


A = [ 1 -1 -3 -2]
[ 0  1  2  1]
[ 1 -2 -5 -3]
[-1  0  1  1]
b =  (3, 1, 2, -4)
rank = 2


A = [ 1 -1  1 -3]
[ 1  0 -2 -2]
[-2  1  1  5]
[ 0  1 -3  1]
b =  (3, 4, -7, 1)
rank = 2


A = [2 1 3 7]
[1 1 2 4]
[2 0 2 6]
[0 1 1 1]
b =  (5, 3, 4, 1)
rank = 2


A = [-2 -1 -3  0]
[ 1  3 -1 -5]
[-1 -1 -1  1]
[ 0 -1  1  2]
b =  (-1, -7, 1, 3)
rank = 2


A = [ 3 -2 -7 -2]
[-3  1  5  4]
[-1 -1 -1  4]
[ 1 -1 -3  0]
b =  (8, -7, -1, 3)
rank = 2


A = [-1  0  3 -1]
[-1 -1 -1  2]
[-1 -2 -5  5]
[ 0 -1 -4  3]
b =  (-5, 1, 7, 6)
rank = 2


A = [-1  2 -4  3]
[ 1  0 -2 -1]
[-2  2 -2  4]
[-2  3 -5  5]
b =  (-2, 4, -6, -5)
rank = 2


A = [ 1  5 -6 -7]
[ 0  1 -1 -1]
[-1 -1  2  3]
[ 1  3 -4 -5]
b =  (8, 1, -4, 6)
rank = 2


A = [ 1  0 -2  3]
[ 1  1  1  5]
[ 0 -2 -6 -4]
[ 1  2  4  7]
b =  (8, 5, 6, 2)
rank = 2


A = [-1  0 -1 -1]
[-1 -1  0  1]
[ 0 -3  3  6]
[ 1  3 -2 -5]
b =  (-2, -3, -3, 5)
rank = 2


A = [ 1  2  5  2]
[-2 -3 -7 -2]
[-2 -2 -4  0]
[ 0  1  3  2]
b =  (7, -8, -2, 6)
rank = 2


A = [ 1  0  1  1]
[ 1  1  3  0]
[ 4 -1  2  5]
[-3  3  3 -6]
b =  (3, 8, 7, 6)
rank = 2


A = [ 1  6 -5 -7]
[ 0  1 -1 -1]
[-1  1 -2  0]
[ 2  3 -1 -5]
b =  (1, 1, 6, -7)
rank = 2


A = [ 1 -1 -1 -2]
[ 0  1 -1 -1]
[-1  3 -1  0]
[-1 -1  3  4]
b =  (-4, 1, 6, 2)
rank = 2


A = [ 1  3  7  4]
[-1 -2 -5 -3]
[ 0 -1 -2 -1]
[-1 -1 -3 -2]
b =  (8, -7, -1, -6)
rank = 2


A = [ 1  1  0 -4]
[-2 -1 -3  6]
[ 0 -1  3  2]
[ 1  0  3 -2]
b =  (3, -1, -5, -2)
rank = 2


A = [ 1 -2  2  5]
[ 0  1 -2 -2]
[ 1 -3  4  7]
[-1 -1  4  1]
b =  (5, 1, 4, -8)
rank = 2


A = [ 1  1 -5 -3]
[-2 -1  7  7]
[ 1  0 -2 -4]
[ 0  1 -3  1]
b =  (2, -5, 3, -1)
rank = 2


A = [-1  3 -1 -4]
[-1 -4  6  3]
[ 1  1 -3  0]
[ 1  0 -2  1]
b =  (-8, -1, 4, 5)
rank = 2


------------------------ New data for 2022/04/03 10:53:40 ------------------------
A = [ 1  3 -5 -2]
[ 1  4 -7 -3]
[ 1  0  1  1]
[-2 -3  4  1]
b =  (-1, -2, 2, -1)
rank = 2


A = [ 1  0  2  1]
[ 2  1  2  3]
[ 0  1 -2  1]
[-4 -3 -2 -7]
b =  (1, -2, -4, 8)
rank = 2


A = [ 2 -1 -5  7]
[ 0  1  1 -1]
[-1 -3 -1  0]
[ 1  1 -1  2]
b =  (-3, -1, 5, -3)
rank = 2


A = [-1 -1  4 -3]
[-3  1  4 -1]
[ 0 -2  4 -4]
[ 2  1 -6  4]
b =  (1, 7, -2, -3)
rank = 2


A = [-1  7 -5 -6]
[-1  6 -4 -5]
[ 2 -5  1  3]
[ 2 -7  3  5]
b =  (2, 1, 5, 3)
rank = 2


A = [ 1  0 -1  2]
[ 0  1  1  1]
[-1 -2 -1 -4]
[-2  3  5 -1]
b =  (2, -1, 0, -7)
rank = 2


A = [ 1  1  1  1]
[ 0  1 -1  2]
[-2  1 -5  4]
[-2 -1 -3  0]
b =  (6, 5, 3, -7)
rank = 2


A = [ 1  0  1  1]
[ 2  1  4  0]
[-1  3  5 -7]
[ 3 -2 -1  7]
b =  (3, 7, 0, 7)
rank = 2


A = [ 1  0  3  2]
[-2 -5 -1  6]
[-1 -4  1  6]
[ 0 -1  1  2]
b =  (-5, -5, -7, -3)
rank = 2


A = [-1  0  1 -2]
[ 1  3  5  5]
[ 2  2  2  6]
[-2 -1  0 -5]
b =  (-2, -1, 2, -3)
rank = 2


A = [ 1  1  2 -3]
[-1  0 -1 -1]
[ 1  2  3 -7]
[ 0  1  1 -4]
b =  (1, 3, 5, 4)
rank = 2


A = [ 3  5 -7 -1]
[ 1  4 -7  2]
[ 1  0  1 -2]
[ 1  1 -1 -1]
b =  (-3, -8, 4, 1)
rank = 2


A = [-1 -1  2  0]
[ 0  1  1 -2]
[ 1 -1 -4  4]
[ 2  0 -6  4]
b =  (1, 3, -7, -8)
rank = 2


A = [ 1 -1  1 -3]
[ 2 -1  3 -5]
[ 3 -1  5 -7]
[ 1  0  2 -2]
b =  (4, 3, 2, -1)
rank = 2


A = [-1  4  3 -1]
[-1 -1 -2  4]
[ 1  4  5 -7]
[ 1 -1  0 -2]
b =  (0, 5, -8, -3)
rank = 2


A = [ 2 -1  2 -3]
[-1  3  4  4]
[-2  3  2  5]
[ 1  1  4  0]
b =  (-5, 5, 7, -1)
rank = 2


A = [ 4 -7 -6 -1]
[ 3 -5 -4 -1]
[-1  0 -2  2]
[-4  6  4  2]
b =  (7, 4, 7, -2)
rank = 2


A = [-1  1  3 -2]
[-1  3  5 -4]
[ 0  1  1 -1]
[ 2 -3 -7  5]
b =  (-1, -5, -2, 4)
rank = 2


A = [ 3 -1  6 -5]
[-1  0 -3  2]
[-1 -1 -6  3]
[-1  1  0  1]
b =  (7, -2, -1, -3)
rank = 2


A = [ 1 -2 -6  4]
[ 1 -1 -4  3]
[ 1  0 -2  2]
[ 0  2  4 -2]
b =  (2, 3, 4, 2)
rank = 2


A = [ 1  2 -1  3]
[ 1 -2 -5 -1]
[ 0  5  5  5]
[-1  3  6  2]
b =  (7, 3, 5, -2)
rank = 2


A = [ 1  0  2  2]
[ 2 -1  5  3]
[-2  2 -6 -2]
[ 0  1 -1  1]
b =  (-3, -7, 8, 1)
rank = 2


A = [-1  1  2  3]
[ 1 -2 -3 -5]
[ 0 -1 -1 -2]
[ 1  0 -1 -1]
b =  (1, -3, -2, 1)
rank = 2


A = [-1  4 -5 -5]
[-1  3 -3 -4]
[ 1  0 -3  1]
[ 1 -2  1  3]
b =  (1, 2, -5, -3)
rank = 2


A = [-1 -2 -1  0]
[ 1 -1 -2 -3]
[ 2  0 -2 -4]
[ 0 -3 -3 -3]
b =  (-3, 0, 2, -3)
rank = 2


A = [-1 -1  2 -1]
[ 1  0  1  2]
[-1  1 -4 -3]
[-3  1 -6 -7]
b =  (4, -3, 2, 8)
rank = 2


A = [ 2  2 -2  0]
[ 1  3 -7  2]
[-1  0 -2  1]
[ 0 -1  3 -1]
b =  (-6, -7, 1, 2)
rank = 2


A = [ 1  7  6 -4]
[ 0  1  1 -1]
[ 1  2  1  1]
[ 2  5  3  1]
b =  (-5, -1, 0, -1)
rank = 2


A = [-1 -3  4 -1]
[ 1 -4  3 -6]
[-1  1  0  3]
[ 0  2 -2  2]
b =  (8, -1, 4, -2)
rank = 2


A = [ 3 -2  4 -5]
[ 1 -1  1 -2]
[-1  0 -2  1]
[-2  3 -1  5]
b =  (0, 1, 2, -5)
rank = 2


A = [ 1  0 -1 -2]
[ 0  1  1 -1]
[-2  1  3  3]
[ 1  1  0 -3]
b =  (-4, -3, 5, -7)
rank = 2


A = [-1  0 -1  1]
[ 1  4  5  7]
[-2 -3 -5 -4]
[ 0 -2 -2 -4]
b =  (-3, -1, -3, 2)
rank = 2


A = [ 2  1  0  3]
[ 1  3 -5  4]
[-1  1 -3  0]
[ 0 -3  6 -3]
b =  (4, -3, -5, 6)
rank = 2


A = [ 1 -2  4 -2]
[ 0  1 -3  2]
[ 2  1 -7  6]
[ 2  0 -4  4]
b =  (5, -3, -5, -2)
rank = 2


A = [ 1 -1 -1 -2]
[ 1 -2  1 -3]
[-2  3  0  5]
[ 0 -1  2 -1]
b =  (1, -5, 4, -6)
rank = 2


A = [ 1  1 -2  0]
[ 0  1 -1  1]
[ 2  1 -3 -1]
[ 2  5 -7  3]
b =  (2, -1, 5, 1)
rank = 2


A = [ 1  2  3  1]
[ 1  3  4  2]
[-3 -3 -6  0]
[ 0  1  1  1]
b =  (3, 7, 3, 4)
rank = 2


A = [-1 -1 -2  1]
[ 0  1  1 -3]
[-1  1  0 -5]
[ 1  0  1  2]
b =  (3, -4, -5, 1)
rank = 2


A = [ 0  3  3 -3]
[ 1  5  3 -4]
[ 1  1 -1  0]
[ 1  2  0 -1]
b =  (6, 5, -3, -1)
rank = 2


A = [ 1 -2  1  5]
[-1  3 -2 -7]
[-1  1  0 -3]
[-1  0  1 -1]
b =  (3, -2, -4, -5)
rank = 2


A = [-1  0 -2 -1]
[ 0  1 -2  2]
[-2  1 -6  0]
[-1  1 -4  1]
b =  (5, -6, 4, -1)
rank = 2


A = [ 1  1  0  1]
[ 1  4 -6  7]
[ 0 -2  4 -4]
[ 2  4 -4  6]
b =  (-2, -5, 2, -6)
rank = 2


A = [ 0 -2 -2  4]
[ 3 -2  1  7]
[ 1 -3 -2  7]
[ 1  1  2 -1]
b =  (-4, 5, -3, 5)
rank = 2


A = [ 3 -6  0  3]
[ 0  1  1  1]
[-2  3 -1 -3]
[-1  0 -2 -3]
b =  (6, -3, -1, 4)
rank = 2


A = [ 0 -1 -2 -2]
[ 1 -1 -4 -3]
[ 1  1  0  1]
[ 1  0 -2 -1]
b =  (-3, -2, 4, 1)
rank = 2


A = [ 0 -2  2 -2]
[ 2  3 -7  1]
[-1 -3  5 -2]
[-1 -5  7 -4]
b =  (4, 8, -1, 3)
rank = 2


A = [-1 -1  0 -1]
[-2 -3  1 -5]
[ 0  1 -1  3]
[-1 -3  2 -7]
b =  (3, 7, -1, 5)
rank = 2


A = [ 0  1 -1  1]
[-2  7 -5  1]
[-2  2  0 -4]
[-1  4 -3  1]
b =  (3, 7, -8, 5)
rank = 2


A = [-1 -1 -1  0]
[ 1 -2 -5 -3]
[-1  1  3  2]
[ 0  1  2  1]
b =  (5, -8, 7, 1)
rank = 2


A = [ 1 -2  1  7]
[ 1 -1  0  4]
[-1  0  1 -1]
[ 0 -1  1  3]
b =  (-4, -3, 2, -1)
rank = 2


A = [-1 -1  2 -5]
[ 1 -2  1 -4]
[-1  3 -2  7]
[-1  1  0  1]
b =  (-7, 4, -3, -5)
rank = 2


A = [ 1  2  0  1]
[ 0  1 -1  1]
[ 1  6 -4  5]
[ 1  5 -3  4]
b =  (1, -1, -3, -2)
rank = 2


A = [ 1 -2 -2 -7]
[ 1 -1  0 -5]
[-1  0 -2  3]
[ 1  1  4 -1]
b =  (-5, -3, 1, 1)
rank = 2


A = [ 1 -1  1  4]
[ 1  0 -2  3]
[ 0 -2  6  2]
[-1 -1  5 -2]
b =  (-3, -2, -2, 1)
rank = 2


A = [ 2 -1 -1  6]
[ 0  1  3 -2]
[-1  2  5 -6]
[ 1 -1 -2  4]
b =  (-7, 3, 8, -5)
rank = 2


A = [-1 -3  2  3]
[-4 -3 -1 -6]
[ 4  6 -2  0]
[-2 -4  2  2]
b =  (-5, -2, 8, -6)
rank = 2


A = [ 1 -1  0  5]
[-1  0 -2 -3]
[ 0 -2 -4  4]
[-1  2  2 -7]
b =  (2, 1, 6, -5)
rank = 2


A = [ 1  0 -3  1]
[ 0  1  1  2]
[-2  1  7  0]
[-1 -2  1 -5]
b =  (-4, -1, 7, 6)
rank = 2


A = [ 2  3 -4 -5]
[-1 -1  1  1]
[ 0 -1  2  3]
[ 1  3 -5 -7]
b =  (-7, 2, 3, -8)
rank = 2


A = [ 1 -1  2  0]
[ 3 -2  3  1]
[ 2 -3  7 -1]
[ 4 -2  2  2]
b =  (-3, -7, -8, -8)
rank = 2


A = [ 0  2  6 -4]
[ 2  3  5 -2]
[ 2  2  2  0]
[ 1 -1 -5  4]
b =  (2, 5, 4, 0)
rank = 2


A = [ 1 -1  3 -4]
[ 0  1 -1  2]
[-2 -1 -3  2]
[ 2  0  4 -4]
b =  (7, -3, -5, 8)
rank = 2


A = [ 1  3 -5 -2]
[ 2 -3 -1  5]
[-1  5 -3 -6]
[ 0  5 -5 -5]
b =  (6, 3, 2, 5)
rank = 2


A = [-1  0  3 -1]
[ 1 -2  1 -1]
[ 0  3 -6  3]
[-2  3  0  1]
b =  (3, -1, -3, 3)
rank = 2


A = [ 1  2  0 -5]
[-2 -3 -1  7]
[ 1  1  1 -2]
[ 0  2 -2 -6]
b =  (-3, 7, -4, 2)
rank = 2


A = [ 3 -4  3 -2]
[-2  1  3  3]
[ 3 -1 -6 -5]
[ 1 -2  3  0]
b =  (7, -3, 4, 3)
rank = 2


A = [ 2 -2  2  4]
[ 1 -2  0  3]
[-1 -1 -3  0]
[ 0 -1 -1  1]
b =  (0, 1, 2, 1)
rank = 2


A = [ 1  0 -2  1]
[-1  1  5  0]
[-3 -1  3 -4]
[-2  1  7 -1]
b =  (1, -6, 2, -7)
rank = 2


A = [ 1  3  5  7]
[-1 -2 -3 -5]
[ 0 -3 -6 -6]
[ 1  1  1  3]
b =  (-4, 3, 3, -2)
rank = 2


A = [-1  1 -2  4]
[-2  1 -5  5]
[ 0  2  2  6]
[ 1  0  3 -1]
b =  (1, -2, 8, 3)
rank = 2


A = [ 1  2  4 -5]
[ 0  1  1 -1]
[-2  0 -4  6]
[ 1 -2  0 -1]
b =  (-7, -3, 2, 5)
rank = 2


A = [ 1  0 -1  1]
[ 1  2 -7  5]
[ 1  1 -4  3]
[ 0 -1  3 -2]
b =  (-2, 8, 3, -5)
rank = 2


A = [ 0  2 -4 -2]
[-1 -1  3  2]
[-2 -1  4  3]
[ 1  0 -1 -1]
b =  (4, -5, -8, 3)
rank = 2


A = [ 1 -1 -1 -1]
[ 4 -3 -5 -2]
[-2 -1  5 -4]
[ 0 -3  3 -6]
b =  (0, 1, -3, -3)
rank = 2


A = [ 1  1  1  3]
[-2 -1  0 -5]
[-1  0  1 -2]
[ 0 -3 -6 -3]
b =  (-4, 7, 3, 3)
rank = 2


A = [-1  2  1 -1]
[ 0  1  1  1]
[ 1  2  3  5]
[ 2  1  3  7]
b =  (0, -1, -4, -5)
rank = 2


A = [-1  1  1  2]
[ 0  1  4  3]
[-1 -1 -7 -4]
[ 1  0  3  1]
b =  (-5, 1, -7, 6)
rank = 2


A = [-1 -1  0 -1]
[ 1 -2  3 -5]
[-1  1 -2  3]
[ 1  0  1 -1]
b =  (-6, 3, -4, 5)
rank = 2


A = [-1  4  6  6]
[-2  1  5 -2]
[-1  1  3  0]
[ 1 -2 -4 -2]
b =  (-5, 4, 1, 1)
rank = 2


A = [ 1  5  7 -6]
[-1 -4 -5  5]
[ 1  3  3 -4]
[ 0  3  6 -3]
b =  (1, -2, 3, -3)
rank = 2


A = [ 3 -2  2  7]
[ 1 -1  0  3]
[ 1  1  4 -1]
[ 1  0  2  1]
b =  (0, 1, -5, -2)
rank = 2


A = [ 2  6  0  2]
[-4 -7 -5  1]
[ 2  2  4 -2]
[-1 -4  1 -2]
b =  (4, -3, 0, -3)
rank = 2


A = [ 1  1  2 -3]
[-1  0 -1  1]
[-1  2  1 -3]
[-1  1  0 -1]
b =  (1, 1, 5, 3)
rank = 2


A = [-2  1 -3 -1]
[-1  0 -2 -1]
[ 0  1  1  1]
[-3  2 -4 -1]
b =  (5, 4, -3, 6)
rank = 2


A = [-2 -1  3  4]
[ 1 -3  2  5]
[ 1 -1  0  1]
[ 1 -4  3  7]
b =  (-1, 4, 2, 5)
rank = 2


A = [ 1  0  2  1]
[-1  2 -6  5]
[-1 -1  0 -4]
[ 0  1 -2  3]
b =  (-1, -1, 2, -1)
rank = 2


A = [ 1 -1  1 -1]
[ 2 -1  0  1]
[-3  4 -5  6]
[-3  2 -1  0]
b =  (-2, -5, 5, 7)
rank = 2


A = [ 1  2  3  3]
[-2 -3 -4 -5]
[-1 -4 -7 -5]
[-1 -3 -5 -4]
b =  (-1, 3, -1, 0)
rank = 2


A = [ 2  3 -1 -1]
[ 1  2 -1  0]
[ 4  2  2 -6]
[-4 -1 -3  7]
b =  (-4, -3, 0, -2)
rank = 2


------------------------ New data for 2022/04/03 10:54:31 ------------------------
A = [ 1  0  2  1]
[ 2  1  1  4]
[ 4  1  5  6]
[ 2 -1  7  0]
b =  (1, -3, -1, 7)
rank = 2


A = [ 2  5 -1  7]
[ 0  1  1  1]
[ 1  6  3  7]
[-1 -2  1 -3]
b =  (-3, 1, 2, 2)
rank = 2


A = [ 2 -3 -5 -1]
[-1  3  7  2]
[ 1 -2 -4 -1]
[-1  1  1  0]
b =  (1, 4, -1, -2)
rank = 2


A = [ 1 -5 -6  4]
[ 0  1  1 -1]
[ 1 -4 -5  3]
[-1  3  4 -2]
b =  (8, -3, 5, -2)
rank = 2


A = [ 1  2 -6 -1]
[ 1  3 -7 -2]
[-1  1  3 -2]
[ 0  4 -4 -4]
b =  (-1, 1, 7, 8)
rank = 2


A = [ 0  1  1  2]
[ 1  3  1  3]
[ 1  4  2  5]
[ 1  1 -1 -1]
b =  (-1, -5, -6, -3)
rank = 2


A = [ 0 -1  1  1]
[ 1 -1  2 -1]
[-2  0 -2  4]
[-3  2 -5  4]
b =  (2, 3, -2, -7)
rank = 2


A = [ 0  1 -1 -3]
[-1  1 -3 -2]
[-1  2 -4 -5]
[ 1  0  2 -1]
b =  (-5, 1, -4, -6)
rank = 2


A = [-3 -1  6 -4]
[ 0  1 -3  1]
[-1 -2  7 -3]
[ 2  1 -5  3]
b =  (-4, -5, 7, 1)
rank = 2


A = [ 1 -2 -2  1]
[ 2 -3 -2  0]
[-1  3  4 -3]
[-4  5  2  2]
b =  (3, 2, -7, 0)
rank = 2


A = [ 1 -5  7 -6]
[ 1 -2  4 -3]
[ 1 -4  6 -5]
[ 0 -2  2 -2]
b =  (4, 1, 3, 2)
rank = 2


A = [ 0  1 -2  1]
[-1  1 -4  3]
[-1  2 -6  4]
[ 2 -1  6 -5]
b =  (5, 1, 6, 3)
rank = 2


A = [ 1  1  1 -2]
[ 1  4 -5  1]
[ 2  4 -2 -2]
[ 0  1 -2  1]
b =  (-5, 1, -6, 2)
rank = 2


A = [ 1  0  3 -3]
[ 1  1  2 -7]
[-1  1 -4 -1]
[ 2 -1  7 -2]
b =  (2, 5, 1, 1)
rank = 2


A = [ 3  4 -1  6]
[-1 -1  0 -1]
[ 0  2 -2  6]
[-1 -2  1 -4]
b =  (-5, 1, -4, 3)
rank = 2


A = [ 1  2  7  1]
[-1  0 -1  1]
[ 1  1  4  0]
[ 0  1  3  1]
b =  (3, -1, 2, 1)
rank = 2


A = [ 0 -3  3 -3]
[ 1  5 -2  4]
[-1 -6  3 -5]
[-1 -7  4 -6]
b =  (3, 3, -2, -1)
rank = 2


A = [ 0  1  1  1]
[-1 -1  2 -4]
[-2  0  6 -6]
[ 1  3  0  6]
b =  (-1, -3, -8, 1)
rank = 2


A = [ 1  1  0 -3]
[ 0  1 -2 -1]
[ 1  0  2 -2]
[ 1  2 -2 -4]
b =  (-1, 4, -5, 3)
rank = 2


A = [ 1  1 -1  0]
[ 1  4 -7  3]
[ 0 -2  4 -2]
[ 2  3 -4  1]
b =  (2, -7, 6, 1)
rank = 2


A = [ 1  0  1 -1]
[-2  1 -4 -1]
[ 3 -2  7  3]
[-2  2 -6 -4]
b =  (-1, -3, 7, -8)
rank = 2


A = [ 1  2  6 -3]
[-1 -1 -4  1]
[ 1  0  2  1]
[ 0 -2 -4  4]
b =  (4, -5, 6, 2)
rank = 2


A = [ 3 -1  2  0]
[ 0  1  1 -3]
[-1 -1 -2  4]
[ 1 -1  0  2]
b =  (-2, 5, -6, -4)
rank = 2


A = [ 2  4 -6  0]
[-1  0  1 -2]
[-1 -3  4  1]
[ 0 -4  4  4]
b =  (8, -6, -3, 4)
rank = 2


A = [ 1 -2  2 -3]
[-3  1  4  4]
[ 0 -2  4 -2]
[ 1  0 -2 -1]
b =  (4, 3, 6, -2)
rank = 2


A = [ 1 -1  2  0]
[-2  3 -3 -1]
[ 0 -1 -1  1]
[-2  6  0 -4]
b =  (-2, 5, -1, 8)
rank = 2


A = [ 1  0  1  1]
[ 2  5 -3  7]
[ 0  1 -1  1]
[-4 -3 -1 -7]
b =  (-2, 1, 1, 5)
rank = 2


A = [ 1 -2 -3 -5]
[-1  0 -1 -1]
[ 0  1  2  3]
[ 3  1  5  6]
b =  (7, -3, -2, 7)
rank = 2


A = [ 1  1  4 -3]
[-2 -1 -6  4]
[-1  2  2 -3]
[ 1  2  6 -5]
b =  (5, -7, 4, 8)
rank = 2


A = [ 1  0 -1  2]
[ 1  1  0  3]
[ 1 -4 -5 -2]
[ 1  4  3  6]
b =  (-1, -2, 3, -5)
rank = 2


A = [-1  1 -4  0]
[ 1  1  0 -4]
[-2  1 -6  2]
[ 2  1  2 -6]
b =  (4, 6, 3, 7)
rank = 2


A = [ 0 -2  2  4]
[ 1  0  2  2]
[ 1  1  1  0]
[-1  1 -3 -4]
b =  (8, -3, -7, -1)
rank = 2


A = [ 1  4  6 -5]
[-1 -3 -4  4]
[ 0  2  4 -2]
[ 1  2  2 -3]
b =  (5, -3, 4, 1)
rank = 2


A = [ 0 -1  1 -3]
[ 1  0  1  1]
[ 2 -2  4 -4]
[ 2 -3  5 -7]
b =  (1, -5, -8, -7)
rank = 2


A = [-1 -3 -5 -4]
[ 0  1  2  1]
[ 1  2  3  3]
[-1  0  1 -1]
b =  (-1, 1, 0, 2)
rank = 2


A = [ 0 -2 -4 -4]
[ 3  1 -4  5]
[-1 -2 -2 -5]
[ 1 -2 -6 -3]
b =  (4, 1, 3, 5)
rank = 2


A = [ 1  3  0  7]
[ 3  4 -5  6]
[ 0 -2 -2 -6]
[ 3  3 -6  3]
b =  (5, 0, -6, -3)
rank = 2


A = [ 1 -2  3  1]
[ 1  3 -7 -4]
[ 0 -2  4  2]
[-2 -2  6  4]
b =  (-7, 8, -6, -4)
rank = 2


A = [ 1  0 -1 -2]
[ 1  1 -2 -5]
[ 2 -1 -1 -1]
[ 5 -2 -3 -4]
b =  (-1, -4, 1, 1)
rank = 2


A = [-2 -1  3  0]
[ 1  0 -3 -1]
[ 0 -1 -3 -2]
[-1  1  6  3]
b =  (8, -1, 6, -5)
rank = 2


A = [-1 -1  1 -1]
[ 1 -2 -4 -5]
[-1  1  3  3]
[-1  3  5  7]
b =  (4, 5, -2, -8)
rank = 2


A = [ 3  1 -4  1]
[ 2 -1 -1  4]
[ 1 -1  0  3]
[ 1  1 -2 -1]
b =  (-5, -5, -3, -1)
rank = 2


A = [ 1 -4 -5 -7]
[-1 -1  0 -3]
[ 0 -2 -2 -4]
[-1  1  2  1]
b =  (-7, -8, -6, -2)
rank = 2


A = [-1  0 -3 -1]
[-1 -1 -4 -2]
[-1  3  0  2]
[ 0 -2 -2 -2]
b =  (2, 5, -7, 6)
rank = 2


A = [ 0 -1  1 -2]
[ 1 -1 -1 -3]
[-1  0  2  1]
[ 2 -1 -3 -4]
b =  (5, 1, 4, -3)
rank = 2


A = [ 0  1  1  2]
[-1  2  4  3]
[-2  0  4 -2]
[ 2 -3 -7 -4]
b =  (5, 6, -8, -7)
rank = 2


A = [ 1  3  2 -4]
[-1 -4 -3  5]
[-1 -2 -1  3]
[ 0  2  2 -2]
b =  (2, -5, 1, 6)
rank = 2


A = [ 0  2 -4 -4]
[ 1  3 -7 -3]
[-1  0  1 -3]
[-2 -1  4 -4]
b =  (-6, -8, -1, 1)
rank = 2


A = [ 1  2 -6  3]
[ 1  1 -4  1]
[-1  3 -4  7]
[ 0 -1  2 -2]
b =  (-7, -5, -3, 2)
rank = 2


A = [ 1  2  2 -1]
[ 2  5  6 -1]
[ 2  1 -2 -5]
[ 2  2  0 -4]
b =  (-2, -7, 5, 2)
rank = 2


A = [-1  2  3 -2]
[ 0  1  1 -2]
[ 1 -3 -4  4]
[-1  1  2  0]
b =  (1, -1, 0, 2)
rank = 2


A = [ 1 -1  3 -5]
[ 1  2  6  4]
[ 1  0  4 -2]
[ 0 -1 -1 -3]
b =  (-7, -1, -5, -2)
rank = 2


A = [ 1  1  1  0]
[-4 -3 -2  2]
[ 1  3  5  4]
[ 5  6  7  2]
b =  (1, -6, -3, 3)
rank = 2


A = [ 1  1 -4 -5]
[ 1  2 -7 -6]
[ 1  0 -1 -4]
[ 0  2 -6 -2]
b =  (-3, -2, -4, 2)
rank = 2


A = [-1 -4  1 -5]
[ 3  4  5  7]
[ 2  5  1  7]
[-1 -6  3 -7]
b =  (0, -8, -3, -2)
rank = 2


A = [-5  3  4  7]
[ 1  0 -2 -2]
[-1 -1  4  3]
[-3  2  2  4]
b =  (1, 1, -3, 1)
rank = 2


A = [-2 -1  1  0]
[ 1  0 -1  1]
[-1  3  4 -7]
[ 0  2  2 -4]
b =  (5, -3, 6, 2)
rank = 2


A = [ 2  1  6  0]
[ 1  1  4 -1]
[ 0  3  6 -6]
[-4  1 -6 -6]
b =  (1, 0, -3, -5)
rank = 2


A = [-1 -3 -7  4]
[-2  7 -1 -5]
[ 1  1  5 -2]
[-1  0 -4  1]
b =  (8, 3, -6, 5)
rank = 2


A = [-4  6 -4 -2]
[-1  2 -2  0]
[ 5 -7  4  3]
[ 5 -5  0  5]
b =  (0, 1, 1, 5)
rank = 2


A = [ 5 -6 -7  2]
[-1  3  5 -4]
[-4  5  6 -2]
[ 2 -2 -2  0]
b =  (5, 8, -3, 4)
rank = 2


A = [ 1 -1 -4 -1]
[ 2 -1 -6  0]
[-1 -1  0 -3]
[ 1  2  2  5]
b =  (1, 4, -5, 7)
rank = 2


A = [ 1 -1 -3  1]
[ 2 -1 -2  4]
[ 1 -2 -7 -1]
[ 0  1  4  2]
b =  (2, -1, 7, -5)
rank = 2


A = [-3 -2  7 -2]
[ 2  1 -4  2]
[ 0  3 -6 -6]
[ 1  3 -7 -4]
b =  (-5, 3, 3, 4)
rank = 2


A = [-1 -3 -2 -5]
[-1 -4 -3 -6]
[-1 -5 -4 -7]
[ 0 -5 -5 -5]
b =  (0, 1, 2, 5)
rank = 2


A = [-1  6  4 -5]
[-1  5  3 -4]
[ 0 -1 -1  1]
[ 1 -4 -2  3]
b =  (0, -1, -1, 2)
rank = 2


A = [ 1 -1 -4  2]
[ 1  0 -1  1]
[ 0  1  3 -1]
[ 1 -2 -7  3]
b =  (-2, -3, -1, -1)
rank = 2


A = [ 1  2  5  5]
[ 0  1  2  4]
[ 1  0  1 -3]
[-1  1  1  7]
b =  (3, 1, 1, 0)
rank = 2


A = [ 1  3  4 -3]
[-1 -2 -3  1]
[-1 -5 -6  7]
[ 0 -1 -1  2]
b =  (-5, 6, 3, -1)
rank = 2


A = [ 1  5  7 -6]
[ 0  1  2 -1]
[ 1  2  1 -3]
[-1 -4 -5  5]
b =  (-7, -3, 2, 4)
rank = 2


A = [ 4  5 -1 -7]
[-1 -1  0  1]
[ 3  4 -1 -6]
[ 1  2 -1 -4]
b =  (8, -3, 5, -1)
rank = 2


A = [ 1 -4 -7 -5]
[ 1  0  1  3]
[ 0  3  6  6]
[-3  1 -1 -7]
b =  (-3, 1, 3, -2)
rank = 2


A = [ 1  3  5  3]
[ 0  1  1  2]
[-1 -2 -4 -1]
[ 1  4  6  5]
b =  (2, -1, -3, 1)
rank = 2


A = [-2 -1  2 -5]
[-1 -1  0 -4]
[-1  0  2 -1]
[ 0  1  2  3]
b =  (5, -1, 6, 7)
rank = 2


A = [ 3 -1 -7  4]
[ 1  2 -7 -1]
[-1 -1  5  0]
[ 1 -1 -1  2]
b =  (5, 4, -3, 1)
rank = 2


A = [ 1 -1  1  1]
[-1  0 -2  2]
[-1 -1 -3  5]
[ 0 -1 -1  3]
b =  (-3, 4, 5, 1)
rank = 2


A = [ 1  3 -5  4]
[ 1  4 -7  6]
[-1 -2  3 -2]
[ 1  0  1 -2]
b =  (2, 5, 1, -7)
rank = 2


A = [ 1  4 -6  6]
[-1 -3  5 -4]
[ 0 -2  2 -4]
[ 1  2 -4  2]
b =  (-2, 1, 2, 0)
rank = 2


A = [ 0  1  2 -1]
[ 2 -5 -6  7]
[ 1 -4 -6  5]
[ 2 -4 -4  6]
b =  (-3, 7, 8, 4)
rank = 2


A = [ 0 -2 -4 -4]
[-2 -3 -2 -4]
[-3 -4 -2 -5]
[ 1  4  6  7]
b =  (4, -4, -7, -3)
rank = 2


A = [-1 -1 -1  1]
[ 1 -2 -5 -4]
[-1  1  3  3]
[ 0  3  6  3]
b =  (-6, 3, -4, 3)
rank = 2


A = [ 2  1  2  2]
[-3 -2 -2 -5]
[-2 -2  0 -6]
[ 1  0  2 -1]
b =  (5, -4, 2, 6)
rank = 2


A = [ 0 -1  3  1]
[ 1  0 -1  1]
[ 3 -1  0  4]
[ 4 -2  2  6]
b =  (-2, 1, 1, 0)
rank = 2


A = [ 1  0  2  2]
[ 1  1  3  4]
[ 0 -1 -1 -2]
[-1 -2 -4 -6]
b =  (6, 5, 1, -4)
rank = 2


A = [-2  0 -2 -2]
[ 1 -2 -3  5]
[ 1 -1 -1  3]
[ 0  2  4 -4]
b =  (8, 2, -1, -6)
rank = 2


A = [ 3  1 -5 -4]
[ 0  1 -2 -1]
[-1 -1  3  2]
[-1  2 -3 -1]
b =  (0, -3, 2, -7)
rank = 2


A = [ 0 -2  2  2]
[-1  3 -1 -5]
[ 1  0 -2  2]
[ 1  2 -4  0]
b =  (-6, 7, 2, 8)
rank = 2


A = [ 2 -1 -4  0]
[ 1 -1 -3  1]
[ 1 -3 -7  5]
[-1 -1 -1  3]
b =  (7, 4, 6, -2)
rank = 2


A = [ 0 -2 -4  2]
[ 2 -3 -2 -1]
[ 1  0  2 -2]
[ 2 -5 -6  1]
b =  (-2, 5, 4, 3)
rank = 2


A = [ 3 -4 -1  7]
[-4  1 -3 -5]
[-4  2 -2 -6]
[-1  2  1 -3]
b =  (7, 8, 4, -5)
rank = 2


A = [ 1  0 -3 -2]
[ 1  4  5  2]
[ 0  3  6  3]
[-1 -5 -7 -3]
b =  (4, 0, -3, 1)
rank = 2


A = [ 1  1 -1  0]
[-2 -1  0 -1]
[-3 -2  1 -1]
[ 2  4 -6 -2]
b =  (-2, 3, 5, -6)
rank = 2


A = [ 1 -2 -1 -5]
[ 0  1  2  2]
[ 1  0  3 -1]
[-1  1 -1  3]
b =  (1, 1, 3, -2)
rank = 2


A = [ 1  3 -4 -5]
[-1 -2  2  3]
[-1  0 -2 -1]
[ 0 -1  2  2]
b =  (2, 1, 7, -3)
rank = 2


A = [ 1  1  4  4]
[ 4 -3 -5  2]
[ 2 -3 -7 -2]
[ 0 -1 -3 -2]
b =  (5, -1, -5, -3)
rank = 2


A = [ 1 -1  5 -1]
[-1 -1 -1  5]
[ 1  2 -1 -7]
[ 0  3 -6 -6]
b =  (1, 3, -5, -6)
rank = 2


A = [ 2 -5  1  1]
[-1  3 -1  0]
[ 1 -6  4 -3]
[ 1  2 -4  5]
b =  (-7, 4, -7, 1)
rank = 2


A = [ 1  1  4  0]
[-1  0 -2  1]
[ 0 -1 -2 -1]
[-1  1  0  2]
b =  (8, -5, -3, -2)
rank = 2


A = [ 0  1 -1  2]
[-1  2 -3  5]
[ 2  0  2 -2]
[ 1 -3  4 -7]
b =  (1, 0, 4, -1)
rank = 2


A = [ 2  1 -1  5]
[ 1  1  1  3]
[ 1  2  4  4]
[-1  1  5 -1]
b =  (2, -1, -5, -7)
rank = 2


------------------------ New data for 2022/04/03 10:55:19 ------------------------
A = [ 1  0 -1 -2]
[ 1  1 -2 -1]
[ 0  5 -5  5]
[ 1  5 -6  3]
b =  (3, 2, -5, -2)
rank = 2


A = [-3 -2  5 -2]
[ 2  1 -4  2]
[ 4  3 -6  2]
[-1  0  3 -2]
b =  (5, -6, -4, 7)
rank = 2


A = [ 1  0  1  3]
[-1 -3 -4  0]
[ 0 -4 -4  4]
[-1 -1 -2 -2]
b =  (-1, -2, -4, 0)
rank = 2


A = [ 3 -5  7  4]
[-1  4 -7 -6]
[-2  4 -6 -4]
[ 1 -1  1  0]
b =  (-3, 8, 4, 1)
rank = 2


A = [ 1  2 -6 -7]
[ 0  1 -2 -2]
[-2  0  4  6]
[ 1 -1  0 -1]
b =  (-1, -1, -2, 2)
rank = 2


A = [ 1  1 -3 -1]
[ 0  1 -1 -2]
[-2  1  3 -4]
[ 1 -2  0  5]
b =  (-1, -3, -7, 8)
rank = 2


A = [ 0 -1  3  1]
[ 2 -1  7 -1]
[ 1  0  2 -1]
[ 1  1 -1 -2]
b =  (4, 2, -1, -5)
rank = 2


A = [ 2  0  2 -2]
[-1 -1 -2  0]
[-3 -1 -4  2]
[ 1 -2 -1 -3]
b =  (4, -1, -5, 4)
rank = 2


A = [ 1  3  4  7]
[ 1  0 -2  1]
[ 0 -2 -4 -4]
[ 1 -2 -6 -3]
b =  (-8, 1, 6, 7)
rank = 2


A = [ 1  3  5  7]
[-1 -2 -4 -5]
[ 1  0  2  1]
[ 0  3  3  6]
b =  (6, -5, 3, 3)
rank = 2


A = [ 1 -1 -4 -1]
[ 2 -1 -5  0]
[-1  2  7  3]
[ 3 -1 -6  1]
b =  (1, 3, 0, 5)
rank = 2


A = [ 1 -1  4 -5]
[-1 -2  2 -4]
[-1 -1  0 -1]
[ 0  2 -4  6]
b =  (5, 7, 3, -8)
rank = 2


A = [-1  3  2  4]
[ 1 -4 -3 -5]
[-1  1  0  2]
[ 2 -5 -3 -7]
b =  (2, -1, 4, -5)
rank = 2


A = [-1  1  1 -1]
[-2 -1 -7  4]
[-1  0 -2  1]
[ 0 -2 -6  4]
b =  (-3, -3, -2, 2)
rank = 2


A = [ 0 -1  3  2]
[ 1  1 -2  1]
[-2  0 -2 -6]
[ 1  2 -5 -1]
b =  (1, -4, 6, -5)
rank = 2


A = [ 1 -1 -2  0]
[ 4 -3 -5 -2]
[ 0 -1 -3  2]
[-2  1  1  2]
b =  (-2, -7, -1, 3)
rank = 2


A = [ 1 -3 -5  1]
[-1  4  6 -2]
[ 0  2  2 -2]
[-1  1  3  1]
b =  (-4, 5, 2, 2)
rank = 2


A = [-2 -1  5  6]
[ 1  0 -1 -2]
[-1  1 -2  0]
[-4  2 -2  4]
b =  (4, -1, -1, 0)
rank = 2


A = [ 1 -1  1  2]
[ 3 -2  0  5]
[-2  0  4 -2]
[-3  1  3 -4]
b =  (-2, -1, -6, -4)
rank = 2


A = [ 0 -1 -3  3]
[ 1  2  7 -4]
[ 1 -1 -2  5]
[-2  0 -2 -4]
b =  (-1, -2, -5, 8)
rank = 2


A = [-2  0  2  2]
[-1 -2 -1  5]
[-1 -1  0  3]
[ 0  1  1 -2]
b =  (4, 4, 3, -1)
rank = 2


A = [ 1  2  2  7]
[-1 -1  0 -5]
[ 0  1  2  2]
[ 1  0 -2  3]
b =  (-1, 3, 2, -5)
rank = 2


A = [ 2  1 -4  0]
[-3 -2  7  1]
[-1  0  1 -1]
[ 0  1 -2 -2]
b =  (-5, 6, 4, 3)
rank = 2


A = [-1 -1  1  0]
[-1 -3 -1 -4]
[-1 -4 -2 -6]
[-2 -5 -1 -6]
b =  (5, -1, -4, 1)
rank = 2


A = [ 1  1  4  3]
[-1  3  0  5]
[ 0 -3 -3 -6]
[-2  1 -5  0]
b =  (2, -6, 3, -7)
rank = 2


A = [ 1  1  2  3]
[ 0  1  3  1]
[-1  1  4 -1]
[-1 -2 -5 -4]
b =  (-4, 1, 6, 3)
rank = 2


A = [ 1 -1  4  2]
[ 2 -1  7  3]
[ 0 -4  4  4]
[ 1  0  3  1]
b =  (1, 4, -8, 3)
rank = 2


A = [-1  3 -4 -5]
[ 1  6 -5 -4]
[ 1  3 -2 -1]
[-1 -1  0 -1]
b =  (-1, -8, -5, 3)
rank = 2


A = [ 1 -1 -1 -2]
[-4  5  3  7]
[ 1 -2  0 -1]
[-3  7 -1  2]
b =  (-2, 5, 1, -6)
rank = 2


A = [ 1 -3 -2  4]
[ 0  1  2 -2]
[-5  7 -6 -4]
[ 3 -5  2  4]
b =  (0, 1, -8, 4)
rank = 2


A = [-1  0  3 -2]
[ 0  1 -4  1]
[-1  1 -1 -1]
[ 1 -2  5  0]
b =  (-1, 1, 0, -1)
rank = 2


A = [ 4 -1 -2  6]
[-1 -1  3 -4]
[-1  1 -1  0]
[-1 -2  5 -6]
b =  (1, -4, 2, -7)
rank = 2


A = [ 1 -2 -5  5]
[ 1 -1 -4  2]
[ 1  0 -3 -1]
[ 0 -1 -1  3]
b =  (3, 5, 7, -2)
rank = 2


A = [ 1  4  6  7]
[ 1 -1 -4 -3]
[ 0 -3 -6 -6]
[ 1 -2 -6 -5]
b =  (2, -3, -3, -4)
rank = 2


A = [ 1 -2  5 -4]
[-1  3 -7  5]
[ 1  1 -1 -1]
[ 0 -2  4 -2]
b =  (0, 1, 3, -2)
rank = 2


A = [ 1  2 -2  0]
[ 0  1 -2  1]
[ 1  3 -4  1]
[-1 -4  6 -2]
b =  (-3, -1, -4, 5)
rank = 2


A = [ 5 -4 -7 -7]
[ 1  1 -5  4]
[ 2  0 -6  2]
[-2  2  2  4]
b =  (3, -3, -2, -2)
rank = 2


A = [ 1 -3 -4  5]
[ 0  1  2 -1]
[-1 -2 -6  0]
[-2  3  2 -7]
b =  (0, -1, 5, 3)
rank = 2


A = [-2  1 -3 -1]
[-3  1 -5 -2]
[ 1  3  5  4]
[ 1 -4 -2 -3]
b =  (3, 4, 2, -5)
rank = 2


A = [ 1  1 -2 -1]
[-1  0 -1 -1]
[ 0 -2  6  4]
[ 4  3 -5 -2]
b =  (-1, 2, -2, -5)
rank = 2


A = [-1  3  5  0]
[ 1 -4 -6 -1]
[ 1 -2 -4  1]
[ 0  1  1  1]
b =  (1, -2, 0, 1)
rank = 2


A = [-2 -1  0 -4]
[-1 -1 -1 -3]
[ 0 -2 -4 -4]
[ 1 -1 -3 -1]
b =  (-4, -1, 4, 5)
rank = 2


A = [ 2  0 -2  4]
[ 2 -3  1  1]
[-3  5 -2 -1]
[ 1  2 -3  4]
b =  (-2, -5, 8, 1)
rank = 2


A = [-1 -4  6  1]
[ 1 -1 -1  4]
[ 0  2 -2 -2]
[-1 -1  3 -2]
b =  (5, 0, -2, 2)
rank = 2


A = [ 1  1  2  3]
[ 2  3  7  7]
[ 1  0 -1  2]
[ 2  1  1  5]
b =  (1, -4, 7, 8)
rank = 2


A = [ 1 -2 -5  3]
[-5 -4 -3 -1]
[-3 -1  1 -2]
[ 0 -3 -6  3]
b =  (4, -6, -5, 3)
rank = 2


A = [ 1 -3  5 -2]
[-1  4 -7  3]
[-2  4 -6  2]
[ 0 -1  2 -1]
b =  (1, -2, 0, 1)
rank = 2


A = [ 0  1  1  2]
[-1 -1 -3 -4]
[-2 -1 -5 -6]
[ 1  2  4  6]
b =  (1, -4, -7, 5)
rank = 2


A = [ 1  3 -1  4]
[-1 -2  0 -2]
[ 1  4 -2  6]
[ 2  5 -1  6]
b =  (-2, -1, -5, -1)
rank = 2


A = [ 1  3 -4  5]
[-1 -2  2 -4]
[-1  0 -2 -2]
[ 0 -3  6 -3]
b =  (8, -7, -5, -3)
rank = 2


A = [ 1  1  3  1]
[ 1  2  4 -1]
[ 1 -1  1  5]
[ 2  3  7  0]
b =  (-1, -4, 5, -5)
rank = 2


A = [ 0 -1  2  1]
[ 1 -1  3 -1]
[-1  3 -7 -1]
[-1  2 -5  0]
b =  (2, -3, -1, 1)
rank = 2


A = [ 1  3  4  5]
[ 0  1  1  2]
[-2 -3 -5 -4]
[-1  0 -1  1]
b =  (0, 1, 3, 3)
rank = 2


A = [ 1  2  4 -3]
[ 2 -1 -7  4]
[ 1 -1 -5  3]
[ 0  1  3 -2]
b =  (1, -8, -5, 2)
rank = 2


A = [ 0 -2  4  4]
[ 1 -1  0  3]
[-1  0  2 -1]
[-1  2 -2 -5]
b =  (-2, 6, -7, -5)
rank = 2


A = [ 1 -4  7  2]
[ 0  1 -2 -1]
[-5  3 -1  7]
[-2  2 -2  2]
b =  (-5, 1, 8, 4)
rank = 2


A = [-3  0  6 -6]
[-1 -1  0 -3]
[ 0 -2 -4 -2]
[-2 -1  2 -5]
b =  (3, -1, -4, 0)
rank = 2


A = [ 2 -1 -5 -7]
[-1  4  6  7]
[ 0  5  5  5]
[-1 -2  0  1]
b =  (5, 1, 5, -5)
rank = 2


A = [ 1  0  1  1]
[ 4  1  1  2]
[-2  1 -5 -4]
[ 5  1  2  3]
b =  (1, 5, -1, 6)
rank = 2


A = [ 1 -1  3 -1]
[-1  2 -4  3]
[ 0  1 -1  2]
[ 2 -1  5  0]
b =  (5, -8, -3, 7)
rank = 2


A = [ 1 -1 -4 -3]
[ 2 -1 -5 -5]
[-3  1  6  7]
[ 2  0 -2 -4]
b =  (-1, 1, -3, 4)
rank = 2


A = [ 1  0 -1 -2]
[-1 -2  5  0]
[ 0  3 -6  3]
[ 1  1 -3 -1]
b =  (-1, -1, 3, 0)
rank = 2


A = [ 1 -4  5  0]
[ 1  2 -1 -6]
[ 2 -1  3 -7]
[ 0 -5  5  5]
b =  (6, 0, 5, 5)
rank = 2


A = [-1 -1 -5  0]
[ 2 -1  1  6]
[-2  0 -4 -4]
[-1  2  4 -6]
b =  (-1, 8, -6, -7)
rank = 2


A = [ 3  5  2  7]
[-2 -3 -1 -4]
[ 1 -1 -2 -3]
[ 2  1 -1  0]
b =  (1, -1, 3, 3)
rank = 2


A = [ 1 -2  3 -6]
[ 1  2 -5  2]
[ 1  3 -7  4]
[ 0 -1  2 -2]
b =  (-1, -5, -6, 1)
rank = 2


A = [-1 -1  3 -1]
[-1  3 -5 -5]
[-1  2 -3 -4]
[ 2 -1  0  5]
b =  (5, -3, -1, -4)
rank = 2


A = [ 1 -2 -3  0]
[ 3 -5 -6 -1]
[ 0 -1 -3  1]
[ 2 -3 -3 -1]
b =  (-1, -4, 1, -3)
rank = 2


A = [ 1 -4  5 -3]
[-1  5 -6  4]
[ 0 -4  4 -4]
[ 1 -2  3 -1]
b =  (1, 0, -4, 3)
rank = 2


A = [ 1  1  4  5]
[-1  0 -3 -3]
[ 1 -2  1 -1]
[ 0 -3 -3 -6]
b =  (-1, 3, -7, -6)
rank = 2


A = [ 1  0  1 -3]
[ 0  1  2  1]
[-1 -1 -3  2]
[-1 -3 -7  0]
b =  (7, -3, -4, 2)
rank = 2


A = [ 3  2 -3 -5]
[ 4  1  1 -5]
[ 2  2 -4 -4]
[-1  2 -7 -1]
b =  (0, -5, 2, 8)
rank = 2


A = [ 1 -2  3 -3]
[-1  0 -1 -3]
[-1 -1  0 -6]
[ 0 -1  1 -3]
b =  (1, -3, -4, -1)
rank = 2


A = [-1  0 -2  2]
[ 0  1  1  2]
[-1 -1 -3  0]
[-1  1 -1  4]
b =  (6, -1, 7, 5)
rank = 2


A = [ 1 -1 -4  0]
[ 1  0 -2 -2]
[ 1  1  0 -4]
[ 0  3  6 -6]
b =  (-5, -3, -1, 6)
rank = 2


A = [ 3 -5 -4  7]
[ 2 -3 -3  4]
[-3  4  5 -5]
[-1  4 -1 -7]
b =  (-2, -1, 1, 3)
rank = 2


A = [-1  0  3 -1]
[-1  6 -3 -7]
[-2  5  1 -7]
[ 0 -1  1  1]
b =  (-5, 1, -5, -1)
rank = 2


A = [ 1 -2 -5 -4]
[ 1 -1 -3 -3]
[ 2 -1 -4 -5]
[ 0 -2 -4 -2]
b =  (-3, -2, -3, -2)
rank = 2


A = [ 1  0  3 -1]
[ 2  1  3 -4]
[-1  1 -6 -1]
[ 0 -2  6  4]
b =  (-1, -3, 0, 2)
rank = 2


A = [ 1  1  3  3]
[ 0  1  2  1]
[-1  4  7  2]
[ 2 -1  0  3]
b =  (-2, 1, 7, -7)
rank = 2


A = [ 1 -1  4 -2]
[ 1  0  1 -1]
[ 0 -2  6 -2]
[-1 -1  2  0]
b =  (3, -1, 8, 5)
rank = 2


A = [ 0  1 -2  1]
[-1 -2  3 -4]
[-1 -4  7 -6]
[ 1  3 -5  5]
b =  (1, 4, 2, -3)
rank = 2


A = [ 1  2  1 -3]
[-2 -3  0  4]
[ 2  2 -2 -2]
[ 0 -1 -2  2]
b =  (1, -4, 6, 2)
rank = 2


A = [ 3 -2 -3  0]
[ 2 -3 -7 -5]
[-1  0 -1 -2]
[ 0 -1 -3 -3]
b =  (6, -1, -4, -3)
rank = 2


A = [ 3  4  6 -5]
[ 2  1 -1 -5]
[ 1  2  4 -1]
[-1  0  2  3]
b =  (-8, -7, -2, 4)
rank = 2


A = [-1  0  3  1]
[ 0  1  1  1]
[-1  3  6  4]
[-1  2  5  3]
b =  (1, -2, -5, -3)
rank = 2


A = [ 1  2 -3 -4]
[ 0  1 -2 -1]
[-2 -3  4  7]
[ 2  2 -2 -6]
b =  (-5, -2, 8, -6)
rank = 2


------------------------ New data for 2022/04/03 10:56:21 ------------------------
A = [ 3  5 -2  1]
[ 0  1 -1 -1]
[-1 -1  0 -1]
[-1 -7  6  5]
b =  (-8, -1, 2, 8)
rank = 2


A = [ 1 -1  3  3]
[ 0  1 -4 -2]
[-2  1 -2 -4]
[ 1  0 -1  1]
b =  (-5, 8, 2, 3)
rank = 2


A = [ 1 -2  5  1]
[ 2 -3  7  1]
[ 0 -2  6  2]
[ 1 -1  2  0]
b =  (5, 6, 8, 1)
rank = 2


A = [ 1 -5 -7  6]
[ 1 -4 -6  5]
[-1  3  5 -4]
[-1  2  4 -3]
b =  (4, 3, -2, -1)
rank = 2


A = [ 0  1 -2 -3]
[-1  1  0 -2]
[ 2  1 -6 -5]
[ 1  0 -2 -1]
b =  (-2, -5, 4, 3)
rank = 2


A = [ 1  0 -2  2]
[ 0  1  1 -2]
[-1 -1  1  0]
[-2 -5 -1  6]
b =  (-4, 1, 3, 3)
rank = 2


A = [-2  3 -1  2]
[-1  3  1  4]
[ 3 -5  1 -4]
[ 5 -7  3 -4]
b =  (-1, -8, 4, 0)
rank = 2


A = [ 1  3  5 -2]
[ 0  1  1 -1]
[-2 -2 -6  0]
[ 2 -1  3  3]
b =  (0, 1, 4, -7)
rank = 2


A = [ 1  0 -3 -1]
[ 0  1 -3  2]
[ 3 -1 -6 -5]
[ 2 -2  0 -6]
b =  (-3, -7, -2, 8)
rank = 2


A = [ 1 -3  2  5]
[ 0  1 -1 -2]
[ 1 -4  3  7]
[-1 -1  2  3]
b =  (-5, 1, -6, 1)
rank = 2


A = [ 1 -1  3  2]
[ 0  1 -2 -1]
[-2 -2  2  0]
[ 4 -1  6  5]
b =  (-4, 3, -4, -7)
rank = 2


A = [ 1 -5  7  3]
[ 0  1 -2 -1]
[-1  4 -5 -2]
[-1  2 -1  0]
b =  (-2, 1, 1, -1)
rank = 2


A = [ 3 -1  3  2]
[-2 -1 -7 -3]
[ 0 -2 -6 -2]
[ 1 -1 -1  0]
b =  (-1, -6, -8, -3)
rank = 2


A = [ 1  0 -1 -3]
[ 0  1 -2  3]
[ 1 -1  1 -6]
[-3 -1  5  6]
b =  (3, -2, 5, -7)
rank = 2


A = [ 0 -2  4 -4]
[ 1 -2  2 -3]
[-1  1  0  1]
[-1  3 -4  5]
b =  (-2, 3, -4, -2)
rank = 2


A = [-1  2  6 -1]
[-1 -3 -4 -6]
[-1 -1  0 -4]
[ 0 -1 -2 -1]
b =  (-5, 0, -2, 1)
rank = 2


A = [-2  5 -6 -7]
[ 1 -3  4  4]
[ 0 -1  2  1]
[-1  4 -6 -5]
b =  (-7, 3, -1, -2)
rank = 2


A = [ 1  3 -4 -5]
[-1 -2  3  4]
[ 2  1 -3 -5]
[ 1  1 -2 -3]
b =  (7, -4, -1, 1)
rank = 2


A = [-1  2 -1  1]
[ 0  1 -1  2]
[-1  0  1 -3]
[-1 -2  3 -7]
b =  (4, 3, -2, -8)
rank = 2


A = [ 1 -2  6  5]
[ 0  1 -2 -1]
[ 2 -1  6  7]
[ 1 -1  4  4]
b =  (2, 1, 7, 3)
rank = 2


A = [ 1  2 -1 -5]
[-1 -1  2  4]
[ 2  1 -5 -7]
[-1  1  4  2]
b =  (7, -3, 2, 5)
rank = 2


A = [ 1 -2 -7  2]
[ 1 -1 -5  0]
[-1  0  3  2]
[ 0 -2 -4  4]
b =  (3, 1, 1, 4)
rank = 2


A = [ 4 -3 -2  7]
[ 1  1 -4  0]
[-2  0  4 -2]
[ 3 -3  0  6]
b =  (-5, -3, 4, -3)
rank = 2


A = [ 1  0  2 -1]
[ 1  1  4  1]
[-1  1  0  3]
[ 2  1  6  0]
b =  (-4, -3, 5, -7)
rank = 2


A = [-1 -1  4 -3]
[-1 -2  5 -5]
[ 0  1 -1  2]
[ 1  0 -3  1]
b =  (1, 6, -5, 4)
rank = 2


A = [ 0 -3  6  3]
[-1  5 -7 -7]
[ 1 -3  3  5]
[ 1 -1 -1  3]
b =  (3, 1, -3, -5)
rank = 2


A = [ 1  0  4 -2]
[ 0  1 -1 -2]
[ 1 -2  6  2]
[-1 -1 -3  4]
b =  (-2, -1, 0, 3)
rank = 2


A = [ 1  3  4 -1]
[-1 -2 -2  0]
[ 1  4  6 -2]
[ 1  1  0  1]
b =  (-1, -1, -3, 3)
rank = 2


A = [-1 -1  0 -2]
[-1 -3  4 -4]
[ 2  5 -6  7]
[ 0  2 -4  2]
b =  (-5, -1, 4, -4)
rank = 2


A = [ 0 -2  4  2]
[ 1  2 -3 -4]
[ 1  3 -5 -5]
[ 1  4 -7 -6]
b =  (-6, 2, 5, 8)
rank = 2


A = [-1  0 -1  1]
[ 0  1 -1  2]
[ 1 -1  2 -3]
[ 1 -2  3 -5]
b =  (4, 1, -5, -6)
rank = 2


A = [ 1  0  3 -1]
[ 0  1 -3 -1]
[ 1  1  0 -2]
[ 1  3 -6 -4]
b =  (3, -2, 1, -3)
rank = 2


A = [-2 -1  5 -2]
[ 1  2 -1 -2]
[ 0  1  1 -2]
[ 3  2 -7  2]
b =  (6, 3, 4, -7)
rank = 2


A = [ 1  0 -1 -2]
[ 0  1 -2 -1]
[ 1 -1  1 -1]
[ 1  1 -3 -3]
b =  (2, 5, -3, 7)
rank = 2


A = [ 1  0  1 -2]
[ 1 -1 -2 -4]
[-1  2  5  6]
[ 0  2  6  4]
b =  (8, 7, -6, 2)
rank = 2


A = [ 1  3 -2  5]
[-1 -2  1 -3]
[-1 -1  0 -1]
[ 0  1 -1  2]
b =  (0, -1, -2, -1)
rank = 2


A = [ 1 -3  4  4]
[ 1 -2  3  2]
[-1  1 -2  0]
[ 0 -3  3  6]
b =  (-3, -4, 5, 3)
rank = 2


A = [ 1 -1 -2 -1]
[ 0  1  3  2]
[-1 -1 -4 -3]
[-2 -1 -5 -4]
b =  (-8, 7, -6, -5)
rank = 2


A = [ 1 -1  3  3]
[-1  2 -4 -5]
[ 0 -1  1  2]
[-1 -1 -1  1]
b =  (-1, -1, 2, 5)
rank = 2


A = [ 1  4  7 -6]
[-1 -3 -5  4]
[ 0 -2 -4  4]
[ 1  2  3 -2]
b =  (-6, 5, 2, -4)
rank = 2


A = [-2 -3 -4  2]
[-1 -2 -3  2]
[ 1  4  7 -6]
[ 1  3  5 -4]
b =  (0, 1, -5, -3)
rank = 2


A = [ 3 -5  4  4]
[-3  4 -5 -2]
[ 1 -2  1  2]
[ 1  2  5 -6]
b =  (-8, 7, -3, 1)
rank = 2


A = [ 0  1  3  1]
[-1  1  0  2]
[-1  0 -3  1]
[ 2 -1  3 -3]
b =  (-5, -3, 2, 1)
rank = 2


A = [-1  1  5  1]
[-1  0  2 -1]
[-3 -1  3 -5]
[-1 -3 -7 -7]
b =  (1, 2, 7, 5)
rank = 2


A = [ 1 -3 -7  4]
[ 1 -2 -5  3]
[ 0  3  6 -3]
[-1  0  1 -1]
b =  (0, -1, -3, 3)
rank = 2


A = [ 3 -2  2 -4]
[ 2 -1  2 -3]
[ 0  1  2 -1]
[ 1 -4 -6  2]
b =  (7, 5, 1, -1)
rank = 2


A = [ 1 -3  4  1]
[-1 -4  3  6]
[ 0 -4  4  4]
[ 1  0  1 -2]
b =  (-7, -7, -8, -1)
rank = 2


A = [ 1 -1  0 -1]
[ 0  1  1  2]
[-2 -2 -4 -6]
[-1  0 -1 -1]
b =  (-2, 1, 0, 1)
rank = 2


A = [ 1  0 -2 -2]
[-2 -3  7 -2]
[ 0 -2  2 -4]
[ 2  1 -5 -2]
b =  (5, -1, 6, 7)
rank = 2


A = [-1 -5  4 -2]
[-3 -2 -1  7]
[-2 -6  4  0]
[ 1  0  1 -3]
b =  (6, 5, 8, -1)
rank = 2


A = [ 1 -2  1  0]
[ 2 -3  1  1]
[ 1 -1  0  1]
[ 1  2 -3  4]
b =  (-3, -4, -1, 5)
rank = 2


A = [ 1  3 -5 -2]
[ 0  1 -2 -1]
[-1 -1  1  0]
[-2 -3  4  1]
b =  (-3, -2, -1, 0)
rank = 2


A = [ 4  1 -6 -3]
[ 1  2 -5  1]
[ 1  0 -1 -1]
[ 1 -2  3 -3]
b =  (-1, 5, -1, -7)
rank = 2


A = [ 1 -1  0  1]
[-1 -4 -5 -6]
[ 0 -3 -3 -3]
[ 1  2  3  4]
b =  (3, -8, -3, 6)
rank = 2


A = [ 3 -4  2  7]
[ 1 -2  0  3]
[ 0 -2 -2  2]
[ 2 -1  3  3]
b =  (7, 5, 8, -2)
rank = 2


A = [-1  2 -4  3]
[-3  1  3  4]
[ 0  2 -6  2]
[-2  2 -2  4]
b =  (3, -1, 4, 2)
rank = 2


A = [ 1 -3 -4 -7]
[-2 -1 -6 -7]
[ 1 -1  0 -1]
[ 0 -2 -4 -6]
b =  (5, -3, 3, 2)
rank = 2


A = [-3  4 -5 -2]
[-4  5 -6 -2]
[ 1  0 -1 -2]
[-5  5 -5  0]
b =  (-1, -2, 3, -5)
rank = 2


A = [ 1 -1  4 -2]
[-1  2 -7  3]
[ 3 -1  6 -4]
[-1 -1  2  0]
b =  (-3, 5, -5, -1)
rank = 2


A = [-2  1  2  5]
[ 0  1 -2  3]
[-1  1  0  4]
[ 1 -2  2 -7]
b =  (7, -1, 3, -2)
rank = 2


A = [ 1  3  4  0]
[ 0  1  2  1]
[ 2  3  2 -3]
[ 2  5  6 -1]
b =  (-5, -2, -4, -8)
rank = 2


A = [ 1 -1 -2  2]
[ 0  1 -1 -1]
[ 2 -3 -3  5]
[-2  4  2 -6]
b =  (3, -1, 7, -8)
rank = 2


A = [ 1 -2 -5  0]
[ 1 -1 -4  1]
[ 0  5  5  5]
[-2  0  6 -4]
b =  (-3, -2, 5, 2)
rank = 2


A = [ 2  0 -6 -2]
[ 0  1  2 -2]
[ 1  1 -1 -3]
[-1  1  5 -1]
b =  (-2, -7, -8, -6)
rank = 2


A = [ 1  0  1  2]
[-1  1 -3  0]
[ 0 -2  4 -4]
[-4  1 -6 -6]
b =  (-1, 4, -6, 7)
rank = 2


A = [ 2 -3  1  7]
[ 0  1  1 -1]
[-3 -1 -7 -5]
[ 1 -4 -2  6]
b =  (-5, 1, 2, -5)
rank = 2


A = [-2  1  2  4]
[ 3 -2 -5 -5]
[-1  0 -1  3]
[-2  2  6  2]
b =  (4, -3, 5, -2)
rank = 2


A = [ 1  0 -1  3]
[-1  1 -2 -4]
[ 0  2 -6 -2]
[-1  2 -5 -5]
b =  (1, -3, -4, -5)
rank = 2


A = [ 1  2  0 -3]
[ 2  5 -1 -7]
[ 1 -3  5  2]
[ 1  1  1 -2]
b =  (-3, -8, 7, -1)
rank = 2


A = [ 1 -1  1  3]
[-1 -2  5  0]
[-1 -1  3 -1]
[ 0 -2  4  2]
b =  (4, -1, -2, 2)
rank = 2


A = [ 1  3  4  5]
[ 0  1  1  1]
[-1 -2 -3 -4]
[-1  5  4  3]
b =  (-7, -1, 6, -1)
rank = 2


A = [-2 -1  0  3]
[ 3  1 -1 -5]
[ 3  3  3 -3]
[ 1 -2 -5 -4]
b =  (-1, 2, 0, 3)
rank = 2


A = [ 1 -2  5  4]
[-1  3 -7 -5]
[ 0  1 -2 -1]
[ 2 -2  6  6]
b =  (-5, 8, 3, -4)
rank = 2


A = [-1  1  1  0]
[-1 -1 -3 -4]
[-2 -1 -4 -6]
[-1  0 -1 -2]
b =  (5, -3, -2, 1)
rank = 2


A = [ 1 -1  1 -3]
[ 0  1  1  2]
[ 2 -1  3 -4]
[-1  3  1  7]
b =  (-3, 1, -5, 5)
rank = 2


A = [-1 -1  3 -2]
[ 2 -3  4 -1]
[ 0  2 -4  2]
[ 2 -1  0  1]
b =  (3, -1, -2, -3)
rank = 2


A = [ 2 -2  6  0]
[ 0  1 -1  1]
[-1 -3  1 -4]
[-1  0 -2 -1]
b =  (8, -1, 0, -3)
rank = 2


A = [ 0 -1 -2  2]
[ 1  1  1  0]
[ 3  2  1  2]
[-1 -2 -3  2]
b =  (5, 1, 8, 4)
rank = 2


A = [-1  3  0 -4]
[ 1 -4  1  5]
[ 1  0 -3  1]
[ 0  4 -4 -4]
b =  (5, -7, 1, 8)
rank = 2


A = [ 1 -4 -2 -5]
[-1  5  3  7]
[ 0  3  3  6]
[ 1 -1  1  1]
b =  (7, -8, -3, 4)
rank = 2


A = [ 0 -1  2 -2]
[ 4 -7  2 -6]
[-4  6  0  4]
[ 1 -1 -1  0]
b =  (-5, -7, 2, 2)
rank = 2


A = [ 2 -3 -7 -5]
[-1  3  5  4]
[ 1 -2 -4 -3]
[ 1 -1 -3 -2]
b =  (-5, 7, -4, -1)
rank = 2


A = [ 2  1 -4  5]
[-1  0  1 -3]
[-1  1 -1 -4]
[-1 -1  3 -2]
b =  (-1, -2, -7, 3)
rank = 2


A = [-4 -3  4  3]
[-5 -4  6  3]
[ 2  1  0 -3]
[ 1  0  2 -3]
b =  (4, 3, -6, -7)
rank = 2


A = [ 1  0  2 -1]
[ 4  1  5 -5]
[ 0  1 -3 -1]
[-3 -1 -3  4]
b =  (1, 3, -1, -2)
rank = 2


A = [ 1  1 -3 -1]
[ 0  1 -1  2]
[-1 -2  4 -1]
[ 1 -1 -1 -5]
b =  (7, 1, -8, 5)
rank = 2


A = [ 2  0  4 -2]
[ 0  1  2 -3]
[ 1 -1  0  2]
[-1 -2 -6  7]
b =  (-4, 3, -5, -4)
rank = 2


A = [ 1  1 -2 -3]
[ 2  1 -1 -5]
[ 0  1 -3 -1]
[ 1  2 -5 -4]
b =  (-3, -1, -5, -8)
rank = 2


A = [-4 -5  2 -3]
[ 5  6 -2  4]
[ 1  1  0  1]
[-2 -3  2 -1]
b =  (1, 0, 1, 3)
rank = 2


A = [ 0 -2  4  2]
[ 2 -1  6  5]
[-1 -2  2  0]
[ 1  1  0  1]
b =  (-4, -8, -1, -1)
rank = 2


A = [ 1 -1  3  0]
[-1 -1  1  4]
[ 0  1 -2 -2]
[ 1  2 -3 -6]
b =  (-2, 0, 1, 1)
rank = 2


A = [ 0 -5 -5  5]
[ 1 -2 -4  0]
[-1  4  6 -2]
[ 1  2  0 -4]
b =  (5, -1, -1, -5)
rank = 2


A = [ 1  0  1 -1]
[ 0  1 -2  1]
[-1 -2  3 -1]
[-1 -1  1  0]
b =  (-2, 5, -8, -3)
rank = 2


A = [ 1  1  0 -1]
[ 2  3 -1 -4]
[ 3  2  1 -1]
[ 1  2 -1 -3]
b =  (3, 8, 7, 5)
rank = 2


------------------------ New data for 2022/04/03 10:58:58 ------------------------
A = [-1 -4 -3  2]
[ 1 -3 -4  5]
[-1  4  5 -6]
[ 1  0 -1  2]
b =  (-1, -6, 7, -3)
rank = 2


A = [ 0  2 -2 -2]
[ 4 -3 -5  7]
[-1  3 -1 -4]
[ 1  1 -3  0]
b =  (-2, -1, -2, -2)
rank = 2


A = [-1 -1 -3  2]
[-2 -3 -7  5]
[-1  0 -2  1]
[ 1 -2  0  1]
b =  (-1, 0, -3, 7)
rank = 2


A = [-1  1 -1 -1]
[-1  0 -2 -3]
[ 1  1  3  5]
[ 0  2  2  4]
b =  (-1, 2, -5, -6)
rank = 2


A = [ 1 -4  3 -6]
[ 0  1 -1  1]
[-1  0  1  2]
[-2 -3  5  1]
b =  (-5, 1, 1, -1)
rank = 2


A = [-2 -3 -2 -4]
[ 1  2  2  3]
[-3 -4 -2 -5]
[-4 -5 -2 -6]
b =  (-2, -1, -5, -8)
rank = 2


A = [-1  0  4 -1]
[ 1  3 -1  7]
[ 1  1 -3  3]
[ 0 -3 -3 -6]
b =  (-7, 4, 6, 3)
rank = 2


A = [-1  1 -4 -4]
[-3 -2  3 -2]
[ 5  4 -7  2]
[ 2  0  2  4]
b =  (3, 4, -6, -4)
rank = 2


A = [-1 -2 -3 -4]
[ 1  1  2  3]
[ 2  1  3  5]
[-1  3  2  1]
b =  (1, -2, -5, 6)
rank = 2


A = [ 1  0 -1 -3]
[-2  1  3  5]
[ 3 -4 -7 -5]
[ 0 -2 -2  2]
b =  (4, -5, 0, -6)
rank = 2


A = [-1 -2 -3  2]
[-1 -3 -5  4]
[ 0  2  4 -4]
[ 1  1  1  0]
b =  (-1, -4, 6, -2)
rank = 2


A = [ 1  3 -5 -1]
[-1 -2  3  0]
[ 0  1 -2 -1]
[ 1  4 -7 -2]
b =  (-4, 5, 1, -3)
rank = 2


A = [-2  1 -3 -4]
[-3  1 -5 -7]
[ 2 -3  1  0]
[ 1  0  2  3]
b =  (0, -1, -4, 1)
rank = 2


A = [ 0  1  3  2]
[-1  1  5  5]
[ 3  1 -3 -7]
[ 2  2  2 -2]
b =  (-1, -2, 2, 0)
rank = 2


A = [ 1 -2  6  1]
[ 0  1 -2  1]
[ 1 -1  4  2]
[-1  0 -2 -3]
b =  (-7, 1, -6, 5)
rank = 2


A = [ 1  3 -7 -5]
[-2 -3  5  4]
[-1 -2  4  3]
[ 0 -1  3  2]
b =  (-8, 7, 5, 3)
rank = 2


A = [ 3  0  3 -3]
[-1  3  2  7]
[ 1  1  2  1]
[ 1 -1  0 -3]
b =  (3, -4, 0, 2)
rank = 2


A = [ 3  4 -7  5]
[ 0  1 -1 -1]
[ 1  2 -3  1]
[ 1  0 -1  3]
b =  (-2, 1, 0, -2)
rank = 2


A = [-2  1 -1 -3]
[ 2 -3  7  5]
[ 1 -1  2  2]
[ 0  1 -3 -1]
b =  (5, -7, -3, 1)
rank = 2


A = [ 1  1 -1 -2]
[ 0  1 -2  1]
[ 1  0  1 -3]
[-2 -3  4  3]
b =  (1, 4, -3, -6)
rank = 2


A = [ 1  1  2 -1]
[ 3  4  7 -5]
[ 2  4  6 -6]
[ 1  4  5 -7]
b =  (0, 1, 2, 3)
rank = 2


A = [ 3 -1 -4  2]
[ 1  4  3  5]
[-1  1  2  0]
[-1  2  3  1]
b =  (7, -2, -3, -4)
rank = 2


A = [-2  1 -4 -4]
[ 0  1  2 -2]
[ 1 -1  1  3]
[-1 -1 -5  1]
b =  (-5, 1, 2, -4)
rank = 2


A = [-1  0 -2  1]
[-1  2 -6  7]
[ 0 -2  4 -6]
[-2  1 -6  5]
b =  (-2, -8, 6, -7)
rank = 2


A = [-1  0  2 -3]
[-1 -1  3 -4]
[-1  1  1 -2]
[ 1 -2  0  1]
b =  (4, 3, 5, -6)
rank = 2


A = [ 1 -1  1  0]
[-4  5 -3  1]
[-2  7  3  5]
[-1  6  4  5]
b =  (2, -7, 1, 3)
rank = 2


A = [ 5  7 -2 -3]
[-2 -5  3 -1]
[-2 -2  0  2]
[-1 -6  5 -4]
b =  (-8, 1, 4, -3)
rank = 2


A = [ 0  2 -2 -2]
[-2  3 -5 -7]
[ 1 -3  4  5]
[ 1  4 -3 -2]
b =  (4, 8, -7, 7)
rank = 2


A = [ 1  0  2 -1]
[ 0  1  3 -1]
[ 1 -1 -1  0]
[ 1 -3 -7  2]
b =  (-7, -4, -3, 5)
rank = 2


A = [-1  4 -3 -7]
[ 0  1 -1 -2]
[-1 -1  2  3]
[ 1 -1  0  1]
b =  (0, -1, 5, -3)
rank = 2


A = [ 1  3 -4  4]
[-1 -2  3 -2]
[ 1  1 -2  0]
[-2 -5  7 -6]
b =  (-1, -1, 3, 0)
rank = 2


A = [ 1 -2  1 -7]
[ 1 -1  0 -4]
[ 0  1 -1  3]
[-1  0  1  1]
b =  (-7, -6, 1, 5)
rank = 2


A = [ 2  2  0  6]
[ 1  3  2  7]
[ 1  0 -1  1]
[ 1 -1 -2 -1]
b =  (-6, 1, -5, -7)
rank = 2


A = [-1 -1 -1  0]
[ 0  1  2 -1]
[ 1  0 -1  1]
[-1  1  3 -2]
b =  (-5, 3, 2, 1)
rank = 2


A = [ 2 -1  0 -6]
[ 1  0 -1 -2]
[ 0  3 -6  6]
[ 1  2 -5  2]
b =  (-3, -2, -3, -4)
rank = 2


A = [ 1  3  2 -7]
[-5  1  6  3]
[-1  0  1  1]
[ 0 -3 -3  6]
b =  (4, -4, -1, -3)
rank = 2


A = [ 1  1 -4 -4]
[-1  0  3  2]
[ 2 -1 -5 -2]
[-1  2  1 -2]
b =  (1, -2, 5, -4)
rank = 2


A = [ 2 -1  3 -2]
[-1  0 -1  2]
[-1  2 -3 -2]
[ 0  2 -2 -4]
b =  (-6, 5, -3, -8)
rank = 2


A = [ 1  0 -2  2]
[ 1 -1 -4  1]
[ 1 -2 -6  0]
[ 0  1  2  1]
b =  (3, 1, -1, 2)
rank = 2


A = [ 1  2 -1  1]
[-1 -3  2  0]
[ 0  2 -2 -2]
[ 2  5 -3  1]
b =  (1, 2, -6, -1)
rank = 2


A = [ 1 -1  1  0]
[-1 -1  3  4]
[ 0  3 -6 -6]
[-1  0  1  2]
b =  (-1, 5, -6, 3)
rank = 2


A = [ 1  2  4  1]
[-1 -1 -3 -2]
[-1 -3 -5  0]
[ 1  4  6 -1]
b =  (6, -7, -5, 4)
rank = 2


A = [ 1  3  5 -7]
[ 0  1  2 -2]
[-1  0  1  1]
[ 1  2  3 -5]
b =  (6, 1, -3, 5)
rank = 2


A = [-1 -1  1  4]
[ 1 -2  5 -1]
[-1  1 -3  2]
[ 0 -1  2  1]
b =  (3, 0, 1, 1)
rank = 2


A = [ 0  2  4 -4]
[-1 -2 -3  5]
[ 1  0 -1 -1]
[ 1  1  1 -3]
b =  (-6, 4, 2, -1)
rank = 2


A = [-1  2  0  2]
[-1 -1 -3 -4]
[ 0 -1 -1 -2]
[ 1  0  2  2]
b =  (6, 3, -1, -4)
rank = 2


A = [ 1  0  3 -2]
[-1  1  0  4]
[-1 -1 -6  0]
[ 1 -2 -3 -6]
b =  (-1, -3, 5, 7)
rank = 2


A = [ 3  1  6  5]
[-1  0 -1 -2]
[ 1 -1 -2  3]
[-1 -2 -7  0]
b =  (-1, -1, 5, 7)
rank = 2


A = [ 1  0  1  1]
[ 1  1  3 -1]
[ 1 -2 -3  5]
[ 3 -2 -1  7]
b =  (4, 7, -2, 6)
rank = 2


A = [ 0 -1 -1 -2]
[-1 -2  1 -3]
[ 1  4  1  7]
[-1  0  3  1]
b =  (-2, 1, 3, 5)
rank = 2


A = [ 2  3  7  1]
[ 0  1  3 -1]
[-1  0  1 -2]
[ 1  1  2  1]
b =  (8, 2, -1, 3)
rank = 2


A = [ 1 -1  0  4]
[ 1  0  2  3]
[-1 -1 -4 -2]
[ 0 -2 -4  2]
b =  (-4, -1, -2, -6)
rank = 2


A = [ 2 -1  5  4]
[-2 -1 -3  0]
[-1  2 -4 -5]
[-2  0 -4 -2]
b =  (7, -5, -5, -6)
rank = 2


A = [-1  3 -1 -5]
[-1  2  0 -3]
[ 5 -6 -4  7]
[ 3 -4 -2  5]
b =  (5, 2, 2, 0)
rank = 2


A = [ 0  3 -6  6]
[-1 -2  5 -3]
[-1 -1  3 -1]
[-1  0  1  1]
b =  (3, 0, 1, 2)
rank = 2


A = [-1  0 -1  2]
[ 1  3  4  4]
[-2 -2 -4  0]
[ 1  2  3  2]
b =  (-8, -7, -6, -2)
rank = 2


A = [ 1  4 -6  5]
[-1 -3  5 -4]
[-1 -1  3 -2]
[ 0 -2  2 -2]
b =  (7, -6, -4, -2)
rank = 2


A = [-1  0 -3 -3]
[-1 -1 -5 -2]
[ 1  2  7  1]
[ 0 -1 -2  1]
b =  (3, 4, -5, 1)
rank = 2


A = [-1 -2  2  5]
[ 1 -1  4  4]
[-1  0 -2 -1]
[ 0 -1  2  3]
b =  (4, 5, -2, 3)
rank = 2


A = [ 1 -2 -2 -3]
[ 1 -3 -4 -4]
[ 0 -2 -4 -2]
[ 1 -1  0 -2]
b =  (1, 0, -2, 2)
rank = 2


A = [-3  0 -6  3]
[ 1 -1  0 -3]
[ 1  1  4  1]
[ 2 -1  2 -4]
b =  (-3, -5, 7, -4)
rank = 2


A = [ 1  1  1  1]
[-1 -2  0 -4]
[-1 -3  1 -7]
[ 0 -2  2 -6]
b =  (-5, 4, 3, -2)
rank = 2


A = [ 1  2  1 -5]
[ 0  1  2 -3]
[ 2  1 -4 -1]
[-2 -2  2  4]
b =  (8, 5, 1, -6)
rank = 2


A = [-1  0 -2 -2]
[-1 -1 -3 -1]
[-2 -3 -7 -1]
[ 0  2  2 -2]
b =  (-1, 1, 4, -4)
rank = 2


A = [-2 -7  5  1]
[ 1 -3  4  6]
[ 0  4 -4 -4]
[-1 -1  0 -2]
b =  (3, -8, 4, 4)
rank = 2


A = [-1  1  0 -2]
[-2  1 -1 -5]
[-2  3  1 -3]
[ 0 -3 -3 -3]
b =  (-1, 0, -4, 6)
rank = 2


A = [ 0  1  1  3]
[ 3 -2  7 -3]
[ 1 -2  1 -5]
[-1  0 -3 -1]
b =  (5, -1, -7, -3)
rank = 2


A = [ 6  4  0 -6]
[-1  0  2 -1]
[-5 -3  1  4]
[-3 -3 -3  6]
b =  (-2, 5, 4, -6)
rank = 2


A = [ 1  2  1 -4]
[-1 -1  0  3]
[-1  2  3  0]
[ 0  5  5 -5]
b =  (-7, 6, 3, -5)
rank = 2


A = [ 1 -4 -2 -6]
[ 1 -3 -1 -4]
[ 1 -1  1  0]
[-2  5  1  6]
b =  (4, 1, -5, 1)
rank = 2


A = [-2 -1 -1 -4]
[ 3  1  0  5]
[ 1  2  5  5]
[ 0  1  3  2]
b =  (-2, 5, -5, -4)
rank = 2


A = [ 1 -2  0  5]
[ 0  1 -1 -1]
[-1  3 -1 -6]
[ 1  0 -2  3]
b =  (1, -1, -2, -1)
rank = 2


A = [ 1  0 -3 -2]
[-1  1  4  5]
[ 0 -2 -2 -6]
[-1 -1  2 -1]
b =  (-6, 7, -2, 5)
rank = 2


A = [ 1  2  2 -3]
[ 2  5  6 -7]
[ 1 -1 -4  0]
[ 2  3  2 -5]
b =  (1, 1, 4, 3)
rank = 2


A = [ 1  0 -2  2]
[ 0  1  3 -2]
[ 1  2  4 -2]
[ 1  1  1  0]
b =  (1, 3, 7, 4)
rank = 2


A = [ 1 -1  1 -4]
[ 0  1 -2  2]
[-1 -2  5 -2]
[ 1  1 -3  0]
b =  (2, 1, -5, 4)
rank = 2


A = [ 1 -1  4  3]
[ 0  1 -2 -2]
[ 1  1  0 -1]
[ 1  2 -2 -3]
b =  (-4, 1, -2, -1)
rank = 2


A = [ 2 -3  2  5]
[-1  2 -2 -4]
[ 5 -3 -4 -1]
[-4  4  0 -4]
b =  (6, -5, -3, -4)
rank = 2


A = [ 1  3 -4  5]
[ 1 -2  1 -5]
[-1  1  0  3]
[ 0  2 -2  4]
b =  (7, 2, -3, 2)
rank = 2


A = [ 1 -3  4 -4]
[ 1 -2  2 -3]
[ 1 -4  6 -5]
[ 1  0 -2 -1]
b =  (6, 5, 7, 3)
rank = 2


A = [ 3  1 -7  5]
[-1  0  3 -1]
[-1  2  7  3]
[ 0  3  6  6]
b =  (8, -3, -5, -3)
rank = 2


A = [ 1 -2  5 -1]
[ 1 -1  3  0]
[-1 -1  1 -2]
[-2  1 -4 -1]
b =  (8, 5, 1, -7)
rank = 2


A = [ 1 -2  1 -3]
[-1  3  0  5]
[-4  5 -7  6]
[-3  4 -5  5]
b =  (2, -7, 7, 4)
rank = 2


------------------------ New data for 2022/04/08 06:13:47 ------------------------
------------------------ New data for 2022/06/12 12:17:22 ------------------------
