------------------------ Test data for 2022/04/03 05:22:02 ------------------------
A=
[ 1 -2 -3 -1]
[ 1 -1  1 -2]
[ 1 -2 -2 -2]
[ 0 -1 -7  4]
rank(A)= 3
b =  (-4, -1, -5, 0) t =  (3, -3, -1, -2) t*x =  1
A=
[ 1  1 -2  1]
[ 0  1 -5 -4]
[ 2  1  2  7]
[-2  0 -3 -7]
rank(A)= 3
b =  (-1, -2, 1, 1) t =  (1, -3, 3, 2) t*x =  -8
A=
[ 1  4  5  6]
[ 0  1  1  1]
[-1 -2 -2 -4]
[ 1  3  3  5]
rank(A)= 3
b =  (-1, -1, -2, 1) t =  (1, -4, -3, -2) t*x =  7
A=
[ 1  1  2 -2]
[ 0  1  3 -4]
[-2 -1  0 -2]
[ 2  3  4 -2]
rank(A)= 3
b =  (2, 5, 2, 6) t =  (-3, -3, -4, 2) t*x =  -4
A=
[ 0 -2 -3  2]
[-1 -3 -2 -1]
[-1 -6 -7  3]
[ 1  4  7 -7]
rank(A)= 3
b =  (-2, -6, -7, -7) t =  (1, 2, 1, 1) t*x =  3
A=
[-1  2  3  3]
[-1  1  4  5]
[ 1  1  3  0]
[-1  1  2  3]
rank(A)= 3
b =  (-5, -8, 5, -6) t =  (-1, 1, -4, -3) t*x =  0
A=
[-1  1 -4 -1]
[ 1  0  3 -1]
[-1  1 -5  0]
[ 0  1 -5  2]
rank(A)= 3
b =  (-3, 5, -5, -6) t =  (2, -1, 3, 4) t*x =  0
A=
[ 1  0 -4  2]
[ 0  1  2 -1]
[ 1  1 -1  1]
[-1 -1 -2 -1]
rank(A)= 3
b =  (-5, 1, -4, 4) t =  (3, 3, -1, 3) t*x =  -12
A=
[ 1 -3  1 -5]
[ 1 -2 -1 -1]
[ 0  2 -3  7]
[ 2 -4  2 -6]
rank(A)= 3
b =  (1, 3, 4, 6) t =  (-3, 2, 1, -3) t*x =  -17
A=
[ 2 -1  1 -1]
[ 0  1 -4  6]
[ 1  0 -1  2]
[-2  2 -5  7]
rank(A)= 3
b =  (4, 2, 3, -2) t =  (3, -2, 2, -3) t*x =  5
A=
[ 0 -1  3  1]
[ 1  1  2  3]
[ 1  1  2  4]
[-2 -1 -7 -7]
rank(A)= 3
b =  (5, -1, -1, -3) t =  (2, 3, 1, 4) t*x =  -7
A=
[-2 -3 -1  0]
[ 1  4 -7 -7]
[-1 -3  4  7]
[ 1  2 -1 -2]
rank(A)= 3
b =  (-7, -5, -4, 3) t =  (1, 1, 2, 1) t*x =  6
A=
[ 4  4  4  5]
[ 1  2 -2  5]
[-1 -3  5 -4]
[ 1  1  1  0]
rank(A)= 3
b =  (-8, -5, 8, -2) t =  (-3, -3, -3, 1) t*x =  6
A=
[ 2  6  2  5]
[-1 -2 -2  0]
[-1 -1 -3  2]
[-1 -3 -1 -4]
rank(A)= 3
b =  (2, 1, 4, 2) t =  (1, 2, 2, 1) t*x =  -3
A=
[ 1 -2 -2 -1]
[ 0  1  3  4]
[ 3 -6 -5 -1]
[ 2 -5 -6 -4]
rank(A)= 3
b =  (3, -3, 7, 7) t =  (-1, 2, 1, -1) t*x =  -1
A=
[-3 -2 -1 -4]
[ 2  1  2  5]
[-1  0 -2 -4]
[ 1  1  1  3]
rank(A)= 3
b =  (4, -1, -1, -1) t =  (1, 3, -1, 1) t*x =  -5
A=
[ 2  3  0  4]
[ 0  1 -1  4]
[-1 -1  1 -3]
[ 1  1  1 -1]
rank(A)= 3
b =  (8, 4, -5, 1) t =  (4, 1, -2, 2) t*x =  10
A=
[ 0  1 -4  3]
[-1  1  1 -1]
[-1  0  6 -5]
[-1 -1  4 -2]
rank(A)= 3
b =  (2, 3, 1, -1) t =  (-4, 1, 4, -1) t*x =  6
A=
[ 1 -1  0 -1]
[-1  2  4  7]
[ 1 -1  1  0]
[ 0 -1 -4 -6]
rank(A)= 3
b =  (-3, 5, -3, -2) t =  (3, -3, 2, -1) t*x =  -9
A=
[-1 -2  0 -1]
[ 0  1 -1  2]
[ 1  1 -2  2]
[ 2  3 -3  4]
rank(A)= 3
b =  (6, 4, 5, 4) t =  (-1, -1, -2, 2) t*x =  15
------------------------ Test data for 2022/04/03 05:47:38 ------------------------
A=
[ 4  4  4  5]
[ 1  2 -2  5]
[-1 -3  5 -4]
[ 1  1  1  0]
rank(A)= 3
b =  (-8, -5, 8, -2) t =  (-3, -3, -3, 1) t*x =  6
A=
[-1  1 -4 -1]
[ 1  0  3 -1]
[-1  1 -5  0]
[ 0  1 -5  2]
rank(A)= 3
b =  (-3, 5, -5, -6) t =  (2, -1, 3, 4) t*x =  0
A=
[ 0  1  1  1]
[-2  5  1 -7]
[ 1 -2  0  4]
[-1  3  2 -1]
rank(A)= 3
b =  (6, -6, 6, 5) t =  (1, -3, -3, -1) t*x =  -10
A=
[-3 -1 -2 -7]
[-2 -1 -3 -6]
[ 2  1  4  7]
[ 1  1 -1  0]
rank(A)= 3
b =  (0, 2, -3, 1) t =  (1, -3, -3, 2) t*x =  7
A=
[ 1 -1  0 -1]
[-1  2  4  7]
[ 1 -1  1  0]
[ 0 -1 -4 -6]
rank(A)= 3
b =  (-3, 5, -3, -2) t =  (3, -3, 2, -1) t*x =  -9
A=
[-2 -3 -1  0]
[ 1  4 -7 -7]
[-1 -3  4  7]
[ 1  2 -1 -2]
rank(A)= 3
b =  (-7, -5, -4, 3) t =  (1, 1, 2, 1) t*x =  6
A=
[ 2 -1  1 -1]
[ 0  1 -4  6]
[ 1  0 -1  2]
[-2  2 -5  7]
rank(A)= 3
b =  (4, 2, 3, -2) t =  (3, -2, 2, -3) t*x =  5
A=
[-5 -2 -4 -6]
[ 3  1  4  7]
[-3 -1 -3 -5]
[ 1  1  0 -1]
rank(A)= 3
b =  (-4, -5, 1, 7) t =  (-1, -2, -2, -2) t*x =  -4
A=
[ 1 -2 -2 -1]
[ 0  1  3  4]
[ 3 -6 -5 -1]
[ 2 -5 -6 -4]
rank(A)= 3
b =  (3, -3, 7, 7) t =  (-1, 2, 1, -1) t*x =  -1
A=
[ 1 -2 -3 -1]
[ 1 -1  1 -2]
[ 1 -2 -2 -2]
[ 0 -1 -7  4]
rank(A)= 3
b =  (-4, -1, -5, 0) t =  (3, -3, -1, -2) t*x =  1
A=
[-1  2  3  3]
[-1  1  4  5]
[ 1  1  3  0]
[-1  1  2  3]
rank(A)= 3
b =  (-5, -8, 5, -6) t =  (-1, 1, -4, -3) t*x =  0
A=
[-1 -2  0 -1]
[ 0  1 -1  2]
[ 1  1 -2  2]
[ 2  3 -3  4]
rank(A)= 3
b =  (6, 4, 5, 4) t =  (-1, -1, -2, 2) t*x =  15
A=
[-2 -3  4 -1]
[ 1  3 -3 -2]
[ 0 -2  1  4]
[ 3  5 -7  2]
rank(A)= 3
b =  (-3, 1, 0, 3) t =  (1, 2, -4, 3) t*x =  -2
A=
[ 1  1 -2  1]
[ 0  1 -5 -4]
[ 2  1  2  7]
[-2  0 -3 -7]
rank(A)= 3
b =  (-1, -2, 1, 1) t =  (1, -3, 3, 2) t*x =  -8
A=
[ 1 -2  3 -6]
[ 2 -3  4 -7]
[-1  2 -2  4]
[ 0 -1  2 -5]
rank(A)= 3
b =  (7, 8, -6, 6) t =  (-3, 2, -4, 4) t*x =  0
A=
[ 1  1 -1  0]
[-2 -1  0  2]
[ 2  1  1 -4]
[ 5  5 -6  2]
rank(A)= 3
b =  (-1, 1, -3, -3) t =  (-4, -3, 2, 2) t*x =  3
A=
[ 0  1 -5 -5]
[-1  0 -4 -2]
[-2 -1 -2  2]
[-3 -2 -4  2]
rank(A)= 3
b =  (7, 1, -7, -7) t =  (3, 2, 2, -4) t*x =  11
A=
[ 0 -1  3  1]
[ 1  1  2  3]
[ 1  1  2  4]
[-2 -1 -7 -7]
rank(A)= 3
b =  (5, -1, -1, -3) t =  (2, 3, 1, 4) t*x =  -7
A=
[ 1  2  5 -1]
[-2 -3 -7  0]
[ 0  1  4 -3]
[-1  0  1 -3]
rank(A)= 3
b =  (-5, 8, -3, 1) t =  (1, 2, 3, 1) t*x =  -3
A=
[ 2  6  2  5]
[-1 -2 -2  0]
[-1 -1 -3  2]
[-1 -3 -1 -4]
rank(A)= 3
b =  (2, 1, 4, 2) t =  (1, 2, 2, 1) t*x =  -3
------------------------ Test data for 2022/04/03 05:51:11 ------------------------
A=
[-1 -2  0 -1]
[ 0  1 -1  2]
[ 1  1 -2  2]
[ 2  3 -3  4]
rank(A)= 3
b =  (6, 4, 5, 4) t =  (-1, -1, -2, 2) t*x =  15
A=
[ 1  5 -7  4]
[-1 -4  5 -3]
[ 1  3 -2  1]
[-1 -1  3 -4]
rank(A)= 3
b =  (4, -3, 4, 8) t =  (1, 2, 1, -1) t*x =  5
A=
[ 1 -2 -2 -1]
[ 0  1  3  4]
[ 3 -6 -5 -1]
[ 2 -5 -6 -4]
rank(A)= 3
b =  (3, -3, 7, 7) t =  (-1, 2, 1, -1) t*x =  -1
A=
[-1 -1 -1  0]
[-2 -3  1  7]
[ 2  3  0 -5]
[-2 -1  2  7]
rank(A)= 3
b =  (1, -2, 1, -1) t =  (-1, -2, -1, 1) t*x =  0
A=
[-2 -3  4 -1]
[ 1  3 -3 -2]
[ 0 -2  1  4]
[ 3  5 -7  2]
rank(A)= 3
b =  (-3, 1, 0, 3) t =  (1, 2, -4, 3) t*x =  -2
A=
[ 1  1 -1  0]
[-2 -1  0  2]
[ 2  1  1 -4]
[ 5  5 -6  2]
rank(A)= 3
b =  (-1, 1, -3, -3) t =  (-4, -3, 2, 2) t*x =  3
A=
[ 2 -1  1 -1]
[ 0  1 -4  6]
[ 1  0 -1  2]
[-2  2 -5  7]
rank(A)= 3
b =  (4, 2, 3, -2) t =  (3, -2, 2, -3) t*x =  5
A=
[-2  5  7 -6]
[ 1 -3 -4  4]
[ 0  2  3 -4]
[-1  2  4 -2]
rank(A)= 3
b =  (5, -5, 7, -3) t =  (-1, 3, 1, -4) t*x =  14
A=
[-1  1 -4 -1]
[ 1  0  3 -1]
[-1  1 -5  0]
[ 0  1 -5  2]
rank(A)= 3
b =  (-3, 5, -5, -6) t =  (2, -1, 3, 4) t*x =  0
A=
[ 0  1 -5 -5]
[-1  0 -4 -2]
[-2 -1 -2  2]
[-3 -2 -4  2]
rank(A)= 3
b =  (7, 1, -7, -7) t =  (3, 2, 2, -4) t*x =  11
A=
[ 5  1  5 -3]
[-2 -1 -2  3]
[-1 -2 -6  1]
[ 2  0  1 -1]
rank(A)= 3
b =  (-5, -1, 7, -1) t =  (2, -2, -1, 3) t*x =  -5
A=
[ 2  3  0  4]
[ 0  1 -1  4]
[-1 -1  1 -3]
[ 1  1  1 -1]
rank(A)= 3
b =  (8, 4, -5, 1) t =  (4, 1, -2, 2) t*x =  10
A=
[-2  1 -5 -1]
[ 1 -1  2 -1]
[-1  2 -6 -1]
[-1  1 -4 -1]
rank(A)= 3
b =  (5, 1, 7, 5) t =  (1, 1, -4, -3) t*x =  11
A=
[ 1  2  3  5]
[ 0  1  3  4]
[ 1  0 -2 -2]
[ 1  1  2  3]
rank(A)= 3
b =  (-2, 1, -4, -3) t =  (1, -2, -2, -4) t*x =  -6
A=
[ 1  1 -2  1]
[ 0  1 -5 -4]
[ 2  1  2  7]
[-2  0 -3 -7]
rank(A)= 3
b =  (-1, -2, 1, 1) t =  (1, -3, 3, 2) t*x =  -8
A=
[ 1 -3  1  0]
[ 2  1  1  6]
[ 3  0  1  7]
[ 0 -3  1 -2]
rank(A)= 3
b =  (6, 7, 8, 5) t =  (-1, -3, 2, -3) t*x =  9
A=
[ 1 -2 -3 -1]
[ 1 -1  1 -2]
[ 1 -2 -2 -2]
[ 0 -1 -7  4]
rank(A)= 3
b =  (-4, -1, -5, 0) t =  (3, -3, -1, -2) t*x =  1
A=
[ 1 -2 -4  2]
[ 1 -1 -1  2]
[ 1 -2 -3  3]
[-1  0  1  1]
rank(A)= 3
b =  (5, -1, 3, 1) t =  (1, 1, 2, -1) t*x =  -7
A=
[ 1 -4  2  6]
[ 0  1 -1 -3]
[-1  4 -1 -4]
[-1  3 -1 -3]
rank(A)= 3
b =  (2, 1, -4, -3) t =  (-2, 4, -1, -2) t*x =  -6
A=
[ 0 -1  3  1]
[ 1  1  2  3]
[ 1  1  2  4]
[-2 -1 -7 -7]
rank(A)= 3
b =  (5, -1, -1, -3) t =  (2, 3, 1, 4) t*x =  -7
------------------------ Test data for 2022/04/08 06:41:05 ------------------------
A=
[-1  0  1  1]
[-2 -1  0 -1]
[-1 -3 -4 -6]
[ 1 -1 -3 -4]
rank(A)= 3
b =  (-1, -6, -7, -3) t =  (-1, -3, -2, -2) t*x =  5
A=
[ 1  1 -1  0]
[-2 -1  0  2]
[ 2  1  1 -4]
[ 5  5 -6  2]
rank(A)= 3
b =  (-1, 1, -3, -3) t =  (-4, -3, 2, 2) t*x =  3
A=
[ 1 -5  2 -2]
[-1  6 -2  1]
[-1  5 -1  0]
[-1  2  0  1]
rank(A)= 3
b =  (-1, 6, 8, 0) t =  (3, -3, -1, -4) t*x =  8
A=
[ 2 -1 -6 -7]
[ 0  1  2  1]
[ 3  2 -1 -5]
[-1  1  4  4]
rank(A)= 3
b =  (-2, -2, -5, 0) t =  (-3, -1, 2, 4) t*x =  -2
A=
[-3  2  2 -3]
[ 1 -1 -2 -1]
[ 2 -2 -3  0]
[-1  4  7  5]
rank(A)= 3
b =  (-1, -4, -3, 8) t =  (2, -2, -1, 4) t*x =  7
A=
[ 2 -1  5  6]
[-1  1 -5 -5]
[ 2 -1  6  7]
[-2  2 -7 -7]
rank(A)= 3
b =  (7, -2, 7, -4) t =  (-1, 2, -2, -1) t*x =  1
A=
[-2 -3 -1  0]
[ 1  4 -7 -7]
[-1 -3  4  7]
[ 1  2 -1 -2]
rank(A)= 3
b =  (-7, -5, -4, 3) t =  (1, 1, 2, 1) t*x =  6
A=
[ 0  1  1  1]
[-2  5  1 -7]
[ 1 -2  0  4]
[-1  3  2 -1]
rank(A)= 3
b =  (6, -6, 6, 5) t =  (1, -3, -3, -1) t*x =  -10
A=
[ 1 -2 -2 -1]
[ 0  1  3  4]
[ 3 -6 -5 -1]
[ 2 -5 -6 -4]
rank(A)= 3
b =  (3, -3, 7, 7) t =  (-1, 2, 1, -1) t*x =  -1
A=
[ 1  0 -4  2]
[ 0  1  2 -1]
[ 1  1 -1  1]
[-1 -1 -2 -1]
rank(A)= 3
b =  (-5, 1, -4, 4) t =  (3, 3, -1, 3) t*x =  -12
A=
[ 2  6  2  5]
[-1 -2 -2  0]
[-1 -1 -3  2]
[-1 -3 -1 -4]
rank(A)= 3
b =  (2, 1, 4, 2) t =  (1, 2, 2, 1) t*x =  -3
A=
[ 1  2  1 -5]
[ 1  3  1 -7]
[-1 -3  0  5]
[ 0 -1  2 -2]
rank(A)= 3
b =  (-4, -3, 1, -5) t =  (1, 3, -1, -3) t*x =  1
A=
[ 1  4  6  2]
[ 1  5  7  1]
[ 1  2  5  6]
[ 0  5  7 -1]
rank(A)= 3
b =  (-1, -2, 2, -3) t =  (2, -1, -4, -1) t*x =  0
A=
[-1  2  3  3]
[-1  1  4  5]
[ 1  1  3  0]
[-1  1  2  3]
rank(A)= 3
b =  (-5, -8, 5, -6) t =  (-1, 1, -4, -3) t*x =  0
A=
[-1 -2  1 -1]
[ 1  1  1 -3]
[ 1  2  0 -2]
[-1  0 -1  1]
rank(A)= 3
b =  (-1, 6, 7, 1) t =  (-3, -1, -1, -1) t*x =  8
A=
[ 5 -5  2 -4]
[-3  4 -2  3]
[ 2 -2  1 -2]
[ 1 -1  1 -2]
rank(A)= 3
b =  (5, -2, 1, -2) t =  (-4, 4, 1, -2) t*x =  -17
A=
[ 2 -1  1 -1]
[ 0  1 -4  6]
[ 1  0 -1  2]
[-2  2 -5  7]
rank(A)= 3
b =  (4, 2, 3, -2) t =  (3, -2, 2, -3) t*x =  5
A=
[ 0  1 -4  3]
[-1  1  1 -1]
[-1  0  6 -5]
[-1 -1  4 -2]
rank(A)= 3
b =  (2, 3, 1, -1) t =  (-4, 1, 4, -1) t*x =  6
A=
[ 1 -2  6 -5]
[ 1 -1  1 -1]
[ 1 -1  2 -2]
[-2  2 -5  5]
rank(A)= 3
b =  (6, 0, 1, -3) t =  (-4, 1, 2, 1) t*x =  9
A=
[ 2  3  0  4]
[ 0  1 -1  4]
[-1 -1  1 -3]
[ 1  1  1 -1]
rank(A)= 3
b =  (8, 4, -5, 1) t =  (4, 1, -2, 2) t*x =  10
