------------------------ New data for 2022/04/03 05:21:05 ------------------------
A = [ 0  1 -4  3]
[-1  1  1 -1]
[-1  0  6 -5]
[-1 -1  4 -2]
rank = 3
b =  (2, 3, 1, -1)
test =  (-4, 1, 4, -1)
test*b = 6


A = [ 1  4  5  6]
[ 0  1  1  1]
[-1 -2 -2 -4]
[ 1  3  3  5]
rank = 3
b =  (-1, -1, -2, 1)
test =  (1, -4, -3, -2)
test*b = 7


A = [ 2 -1  1 -1]
[ 0  1 -4  6]
[ 1  0 -1  2]
[-2  2 -5  7]
rank = 3
b =  (4, 2, 3, -2)
test =  (3, -2, 2, -3)
test*b = 5


A = [ 1  1  2 -2]
[ 0  1  3 -4]
[-2 -1  0 -2]
[ 2  3  4 -2]
rank = 3
b =  (2, 5, 2, 6)
test =  (-3, -3, -4, 2)
test*b = -4


A = [-3 -1 -2 -7]
[-2 -1 -3 -6]
[ 2  1  4  7]
[ 1  1 -1  0]
rank = 3
b =  (0, 2, -3, 1)
test =  (1, -3, -3, 2)
test*b = 7


A = [ 0 -1  3  1]
[ 1  1  2  3]
[ 1  1  2  4]
[-2 -1 -7 -7]
rank = 3
b =  (5, -1, -1, -3)
test =  (2, 3, 1, 4)
test*b = -7


A = [ 2  3  0  4]
[ 0  1 -1  4]
[-1 -1  1 -3]
[ 1  1  1 -1]
rank = 3
b =  (8, 4, -5, 1)
test =  (4, 1, -2, 2)
test*b = 10


A = [ 1 -2 -3 -1]
[ 1 -1  1 -2]
[ 1 -2 -2 -2]
[ 0 -1 -7  4]
rank = 3
b =  (-4, -1, -5, 0)
test =  (3, -3, -1, -2)
test*b = 1


A = [ 4  4  4  5]
[ 1  2 -2  5]
[-1 -3  5 -4]
[ 1  1  1  0]
rank = 3
b =  (-8, -5, 8, -2)
test =  (-3, -3, -3, 1)
test*b = 6


A = [-1  1 -4 -1]
[ 1  0  3 -1]
[-1  1 -5  0]
[ 0  1 -5  2]
rank = 3
b =  (-3, 5, -5, -6)
test =  (2, -1, 3, 4)
test*b = 0


A = [-3 -2 -1 -4]
[ 2  1  2  5]
[-1  0 -2 -4]
[ 1  1  1  3]
rank = 3
b =  (4, -1, -1, -1)
test =  (1, 3, -1, 1)
test*b = -5


A = [ 1 -2 -2 -1]
[ 0  1  3  4]
[ 3 -6 -5 -1]
[ 2 -5 -6 -4]
rank = 3
b =  (3, -3, 7, 7)
test =  (-1, 2, 1, -1)
test*b = -1


------------------------ New data for 2022/04/03 05:21:26 ------------------------
A = [ 2  6  2  5]
[-1 -2 -2  0]
[-1 -1 -3  2]
[-1 -3 -1 -4]
rank = 3
b =  (2, 1, 4, 2)
test =  (1, 2, 2, 1)
test*b = -3


A = [ 1  0 -4  2]
[ 0  1  2 -1]
[ 1  1 -1  1]
[-1 -1 -2 -1]
rank = 3
b =  (-5, 1, -4, 4)
test =  (3, 3, -1, 3)
test*b = -12


A = [-1  2  3  3]
[-1  1  4  5]
[ 1  1  3  0]
[-1  1  2  3]
rank = 3
b =  (-5, -8, 5, -6)
test =  (-1, 1, -4, -3)
test*b = 0


A = [ 0  1  1  1]
[-2  5  1 -7]
[ 1 -2  0  4]
[-1  3  2 -1]
rank = 3
b =  (6, -6, 6, 5)
test =  (1, -3, -3, -1)
test*b = -10


A = [-5 -2 -4 -6]
[ 3  1  4  7]
[-3 -1 -3 -5]
[ 1  1  0 -1]
rank = 3
b =  (-4, -5, 1, 7)
test =  (-1, -2, -2, -2)
test*b = -4


A = [-1 -1 -1  0]
[-2 -3  1  7]
[ 2  3  0 -5]
[-2 -1  2  7]
rank = 3
b =  (1, -2, 1, -1)
test =  (-1, -2, -1, 1)
test*b = 0


------------------------ New data for 2022/04/03 05:21:46 ------------------------
A = [ 1  1 -2  1]
[ 0  1 -5 -4]
[ 2  1  2  7]
[-2  0 -3 -7]
rank = 3
b =  (-1, -2, 1, 1)
test =  (1, -3, 3, 2)
test*b = -8


A = [ 1 -3  1 -5]
[ 1 -2 -1 -1]
[ 0  2 -3  7]
[ 2 -4  2 -6]
rank = 3
b =  (1, 3, 4, 6)
test =  (-3, 2, 1, -3)
test*b = -17


A = [ 0 -2 -3  2]
[-1 -3 -2 -1]
[-1 -6 -7  3]
[ 1  4  7 -7]
rank = 3
b =  (-2, -6, -7, -7)
test =  (1, 2, 1, 1)
test*b = 3


A = [ 1 -1  0 -1]
[-1  2  4  7]
[ 1 -1  1  0]
[ 0 -1 -4 -6]
rank = 3
b =  (-3, 5, -3, -2)
test =  (3, -3, 2, -1)
test*b = -9


A = [-2 -3 -1  0]
[ 1  4 -7 -7]
[-1 -3  4  7]
[ 1  2 -1 -2]
rank = 3
b =  (-7, -5, -4, 3)
test =  (1, 1, 2, 1)
test*b = 6


A = [-1 -2  0 -1]
[ 0  1 -1  2]
[ 1  1 -2  2]
[ 2  3 -3  4]
rank = 3
b =  (6, 4, 5, 4)
test =  (-1, -1, -2, 2)
test*b = 15


A = [ 0  1 -5 -5]
[-1  0 -4 -2]
[-2 -1 -2  2]
[-3 -2 -4  2]
rank = 3
b =  (7, 1, -7, -7)
test =  (3, 2, 2, -4)
test*b = 11


A = [ 3  3  4  1]
[ 1  2  0  5]
[-1 -1 -1 -1]
[-3 -4 -4 -3]
rank = 3
b =  (-5, 3, 1, 3)
test =  (2, 2, 1, 4)
test*b = 0


------------------------ New data for 2022/04/03 05:47:22 ------------------------
A = [ 2 -1 -6 -7]
[ 0  1  2  1]
[ 3  2 -1 -5]
[-1  1  4  4]
rank = 3
b =  (-2, -2, -5, 0)
test =  (-3, -1, 2, 4)
test*b = -2


A = [ 1 -2  3 -6]
[ 2 -3  4 -7]
[-1  2 -2  4]
[ 0 -1  2 -5]
rank = 3
b =  (7, 8, -6, 6)
test =  (-3, 2, -4, 4)
test*b = 0


A = [-2  5  7 -6]
[ 1 -3 -4  4]
[ 0  2  3 -4]
[-1  2  4 -2]
rank = 3
b =  (5, -5, 7, -3)
test =  (-1, 3, 1, -4)
test*b = 14


A = [ 1 -3  1  0]
[ 2  1  1  6]
[ 3  0  1  7]
[ 0 -3  1 -2]
rank = 3
b =  (6, 7, 8, 5)
test =  (-1, -3, 2, -3)
test*b = 9


A = [ 1  2  5 -1]
[-2 -3 -7  0]
[ 0  1  4 -3]
[-1  0  1 -3]
rank = 3
b =  (-5, 8, -3, 1)
test =  (1, 2, 3, 1)
test*b = -3


A = [ 1  1 -1  0]
[-2 -1  0  2]
[ 2  1  1 -4]
[ 5  5 -6  2]
rank = 3
b =  (-1, 1, -3, -3)
test =  (-4, -3, 2, 2)
test*b = 3


A = [ 1 -4  2  6]
[ 0  1 -1 -3]
[-1  4 -1 -4]
[-1  3 -1 -3]
rank = 3
b =  (2, 1, -4, -3)
test =  (-2, 4, -1, -2)
test*b = -6


A = [-2 -3  4 -1]
[ 1  3 -3 -2]
[ 0 -2  1  4]
[ 3  5 -7  2]
rank = 3
b =  (-3, 1, 0, 3)
test =  (1, 2, -4, 3)
test*b = -2


A = [ 1 -2 -4  2]
[ 1 -1 -1  2]
[ 1 -2 -3  3]
[-1  0  1  1]
rank = 3
b =  (5, -1, 3, 1)
test =  (1, 1, 2, -1)
test*b = -7


------------------------ New data for 2022/04/03 05:50:55 ------------------------
A = [-2  2 -1 -5]
[ 0  1 -1 -6]
[-1  1 -1 -4]
[-1  1  0 -1]
rank = 3
b =  (1, -2, 0, 1)
test =  (3, -3, -2, -3)
test*b = -5


A = [ 5  1  5 -3]
[-2 -1 -2  3]
[-1 -2 -6  1]
[ 2  0  1 -1]
rank = 3
b =  (-5, -1, 7, -1)
test =  (2, -2, -1, 3)
test*b = -5


A = [-1 -2  1 -1]
[ 1  1  1 -3]
[ 1  2  0 -2]
[-1  0 -1  1]
rank = 3
b =  (-1, 6, 7, 1)
test =  (-3, -1, -1, -1)
test*b = 8


A = [-1  3  1 -1]
[ 3 -5  4  6]
[ 1 -1  1  1]
[-2  5 -1 -4]
rank = 3
b =  (-5, 0, -1, -5)
test =  (2, -1, 3, 2)
test*b = -5


A = [-1  0  1  1]
[-2 -1  0 -1]
[-1 -3 -4 -6]
[ 1 -1 -3 -4]
rank = 3
b =  (-1, -6, -7, -3)
test =  (-1, -3, -2, -2)
test*b = 5


A = [-1  1  1  3]
[ 2 -3 -2 -7]
[ 2 -4 -1 -5]
[ 0  5 -2 -1]
rank = 3
b =  (1, -2, -1, -2)
test =  (-1, -3, 2, 2)
test*b = 2


A = [ 1  5 -7  4]
[-1 -4  5 -3]
[ 1  3 -2  1]
[-1 -1  3 -4]
rank = 3
b =  (4, -3, 4, 8)
test =  (1, 2, 1, -1)
test*b = 5


A = [ 1  2  3  5]
[ 0  1  3  4]
[ 1  0 -2 -2]
[ 1  1  2  3]
rank = 3
b =  (-2, 1, -4, -3)
test =  (1, -2, -2, -4)
test*b = -6


A = [-2  1 -5 -1]
[ 1 -1  2 -1]
[-1  2 -6 -1]
[-1  1 -4 -1]
rank = 3
b =  (5, 1, 7, 5)
test =  (1, 1, -4, -3)
test*b = 11


A = [ 0  1 -3  1]
[ 3 -5  6 -3]
[ 3 -5  6 -2]
[ 1 -3  6 -2]
rank = 3
b =  (0, 5, 3, 1)
test =  (-2, 3, -3, 1)
test*b = -2


