------------------------ Test data for 2022/05/20 04:44:47 ------------------------
:::::::::::::::::
M =
[-5  1  1]
[-4 -1  2]
[-4  0  1]
D =
[-1  0  0]
[ 0 -1  0]
[ 0  0 -3]
T =
[ 0  1 -1]
[ 0  0  0]
[ 2 -1  0]
:::::::::::::::::
M =
[-6 -6  1]
[ 3  3 -1]
[ 1  2 -2]
D =
[-1  0  0]
[ 0 -1  0]
[ 0  0 -3]
T =
[ 1  2 -1]
[ 0  0  0]
[ 1  1  0]
:::::::::::::::::
M =
[ 3 -5  6]
[-1  3 -2]
[-1  2 -1]
D =
[2 0 0]
[0 2 0]
[0 0 1]
T =
[ 1 -3  4]
[ 0  0  0]
[ 0  1 -1]
:::::::::::::::::
M =
[ 1 -4 -2]
[-1 -1 -1]
[ 2  8  5]
D =
[3 0 0]
[0 1 0]
[0 0 1]
T =
[0 2 1]
[1 2 1]
[0 0 0]
:::::::::::::::::
M =
[ 4  5 -7]
[ 1  0 -1]
[ 2  6 -5]
D =
[ 1  0  0]
[ 0  1  0]
[ 0  0 -3]
T =
[ 1 -1 -1]
[ 0  0  0]
[ 0  2 -1]
:::::::::::::::::
M =
[ 1 -3 -2]
[ 4 -5  0]
[-2  1 -3]
D =
[-1  0  0]
[ 0 -3  0]
[ 0  0 -3]
T =
[ 1 -1 -1]
[ 0  1  2]
[ 0  0  0]
:::::::::::::::::
M =
[-5 -4  0]
[ 6  7  3]
[-4 -4 -1]
D =
[ 1  0  0]
[ 0  1  0]
[ 0  0 -1]
T =
[ 0  2  3]
[ 0  0  0]
[ 1  0 -1]
:::::::::::::::::
M =
[-2 -2  1]
[-1 -1  0]
[-2  2 -2]
D =
[-1  0  0]
[ 0 -2  0]
[ 0  0 -2]
T =
[ 1 -3  1]
[ 0  2 -1]
[ 0  0  0]
:::::::::::::::::
M =
[-1 -1  5]
[ 1  1 -3]
[-1  0  4]
D =
[2 0 0]
[0 1 0]
[0 0 1]
T =
[ 1 -1 -4]
[ 0  1  1]
[ 0  0  0]
:::::::::::::::::
M =
[ 4 -7 -1]
[ 3 -7 -2]
[-3  8  3]
D =
[ 1  0  0]
[ 0  1  0]
[ 0  0 -2]
T =
[ 0  1  1]
[ 0  0  0]
[ 1 -3 -1]
:::::::::::::::::
M =
[ 4  3 -3]
[-9 -8  9]
[-3 -3  4]
D =
[ 1  0  0]
[ 0  1  0]
[ 0  0 -2]
T =
[ 3  1  0]
[ 1  0  1]
[ 1  1 -1]
:::::::::::::::::
M =
[ 7  4 -4]
[-4 -1  4]
[ 4  4 -1]
D =
[ 3  0  0]
[ 0  3  0]
[ 0  0 -1]
T =
[ 1  1  0]
[ 1  0 -1]
[ 1  1 -1]
:::::::::::::::::
M =
[ 9  8 -8]
[-8 -7  8]
[ 2  2 -1]
D =
[ 1  0  0]
[ 0  1  0]
[ 0  0 -1]
T =
[ 1  1  0]
[ 1  0 -4]
[ 1  1 -1]
:::::::::::::::::
M =
[ 2 -6  6]
[ 3 -7  6]
[ 3 -6  5]
D =
[ 2  0  0]
[ 0 -1  0]
[ 0  0 -1]
T =
[ 1 -2  2]
[ 1 -1  0]
[ 1  0 -1]
:::::::::::::::::
M =
[-3  1 -2]
[ 2 -4  4]
[ 2 -2  2]
D =
[-1  0  0]
[ 0 -2  0]
[ 0  0 -2]
T =
[ 1 -1  2]
[ 2  1  0]
[ 2  0  1]
:::::::::::::::::
M =
[ 5 -4  4]
[ 4 -3  4]
[ 1 -1  2]
D =
[2 0 0]
[0 1 0]
[0 0 1]
T =
[ 1 -1  1]
[ 1 -1  0]
[ 1  0 -4]
:::::::::::::::::
M =
[ 3  2  2]
[-2 -1 -2]
[ 2  2  3]
D =
[3 0 0]
[0 1 0]
[0 0 1]
T =
[ 1  1  1]
[ 1  1  0]
[ 1  0 -1]
:::::::::::::::::
M =
[ 5 -3  3]
[ 3 -1  3]
[-3  3 -1]
D =
[ 2  0  0]
[ 0  2  0]
[ 0  0 -1]
T =
[ 1 -1  0]
[ 1  0  1]
[ 1 -1  1]
:::::::::::::::::
M =
[ 5 -4  4]
[ 4 -3  4]
[-2  2 -1]
D =
[ 1  0  0]
[ 0  1  0]
[ 0  0 -1]
T =
[ 1 -1  0]
[ 1  0  2]
[ 1 -1  1]
:::::::::::::::::
M =
[ 9 -8 -8]
[ 8 -7 -8]
[ 4 -4 -3]
D =
[ 1  0  0]
[ 0  1  0]
[ 0  0 -3]
T =
[ 1 -1  0]
[ 1  0 -2]
[ 1 -1 -1]
------------------------ Test data for 2022/05/20 04:49:28 ------------------------
:::::::::::::::::
M =
[-7  9  1]
[-4  6  1]
[ 4 -5  0]
D =
[ 1  0  0]
[ 0  1  0]
[ 0  0 -3]
T =
[ 0  1  1]
[ 0  0  0]
[ 1 -1  0]
:::::::::::::::::
M =
[ 4 -1 -1]
[ 7  4  5]
[-6 -2 -3]
D =
[ 3  0  0]
[ 0  3  0]
[ 0  0 -1]
T =
[ 1 -1 -1]
[ 0  0  0]
[ 1  1  2]
:::::::::::::::::
M =
[-3  1 -2]
[ 2 -4  4]
[ 2 -2  2]
D =
[-1  0  0]
[ 0 -2  0]
[ 0  0 -2]
T =
[ 1 -1  2]
[ 2  1  0]
[ 2  0  1]
:::::::::::::::::
M =
[ 7 -3 -6]
[ 6 -2 -6]
[ 6 -3 -5]
D =
[ 1  0  0]
[ 0  1  0]
[ 0  0 -2]
T =
[ 1 -1  0]
[ 1  0 -1]
[ 2 -1 -2]
:::::::::::::::::
M =
[ 5 -4  4]
[ 4 -3  4]
[-2  2 -1]
D =
[ 1  0  0]
[ 0  1  0]
[ 0  0 -1]
T =
[ 1 -1  0]
[ 1  0  2]
[ 1 -1  1]
:::::::::::::::::
M =
[-7  4  0]
[-5  3  2]
[ 3 -2 -1]
D =
[-1  0  0]
[ 0 -1  0]
[ 0  0 -3]
T =
[ 1  0  2]
[ 0  0  0]
[ 2 -1  1]
:::::::::::::::::
M =
[ 4  3 -3]
[-9 -8  9]
[-3 -3  4]
D =
[ 1  0  0]
[ 0  1  0]
[ 0  0 -2]
T =
[ 3  1  0]
[ 1  0  1]
[ 1  1 -1]
:::::::::::::::::
M =
[ 3  4 -8]
[-2 -3  4]
[ 2  2 -5]
D =
[-1  0  0]
[ 0 -1  0]
[ 0  0 -3]
T =
[ 1  2  0]
[ 1  0 -2]
[ 1  1 -2]
:::::::::::::::::
M =
[ 5  8 -4]
[-9 -9  9]
[ 2  4 -1]
D =
[ 1  0  0]
[ 0 -3  0]
[ 0  0 -3]
T =
[ 1  0 -2]
[ 3  2 -3]
[ 0  0  0]
:::::::::::::::::
M =
[-4  1  5]
[ 2 -3 -6]
[-2  1  3]
D =
[-1  0  0]
[ 0 -1  0]
[ 0  0 -2]
T =
[ 2 -1 -4]
[ 0  0  0]
[ 1  0 -1]
:::::::::::::::::
M =
[-2 -4  8]
[ 0 -7  9]
[ 1 -8  9]
D =
[ 2  0  0]
[ 0 -1  0]
[ 0  0 -1]
T =
[ 1 -4  4]
[ 1 -2  1]
[ 0  0  0]
:::::::::::::::::
M =
[-7 -8  8]
[ 6  7 -6]
[-4 -4  5]
D =
[3 0 0]
[0 1 0]
[0 0 1]
T =
[ 1  1 -1]
[ 3  4  0]
[ 1  0 -2]
:::::::::::::::::
M =
[ 5  8  4]
[-2 -3 -2]
[ 2  4  3]
D =
[3 0 0]
[0 1 0]
[0 0 1]
T =
[ 1  2  1]
[ 1  2  0]
[ 1  0 -2]
:::::::::::::::::
M =
[-9 -6  8]
[ 7  6 -5]
[-8 -4  8]
D =
[2 0 0]
[0 2 0]
[0 0 1]
T =
[ 2  2 -1]
[ 0  0  0]
[ 3  2 -2]
:::::::::::::::::
M =
[ 2  3 -3]
[ 3  2 -3]
[ 3  3 -4]
D =
[ 2  0  0]
[ 0 -1  0]
[ 0  0 -1]
T =
[ 1  1 -1]
[ 1 -1  0]
[ 1  0 -1]
:::::::::::::::::
M =
[-5  4  8]
[ 2 -3 -4]
[-2  2  3]
D =
[-1  0  0]
[ 0 -1  0]
[ 0  0 -3]
T =
[ 1  2  0]
[ 1  0 -2]
[ 1 -1 -2]
:::::::::::::::::
M =
[ 6 -7  4]
[ 7 -8  4]
[ 8 -8  3]
D =
[ 3  0  0]
[ 0 -1  0]
[ 0  0 -1]
T =
[ 2 -2  1]
[ 1 -1  0]
[ 0  0  0]
:::::::::::::::::
M =
[ 9  8 -8]
[-8 -7  8]
[ 2  2 -1]
D =
[ 1  0  0]
[ 0  1  0]
[ 0  0 -1]
T =
[ 1  1  0]
[ 1  0 -4]
[ 1  1 -1]
:::::::::::::::::
M =
[-6 -1  4]
[ 5  4  4]
[-3 -1  1]
D =
[ 1  0  0]
[ 0  1  0]
[ 0  0 -3]
T =
[ 1 -1 -4]
[ 0  0  0]
[ 1  0 -1]
:::::::::::::::::
M =
[-2  2 -3]
[ 2 -5 -6]
[-1  2  0]
D =
[-1  0  0]
[ 0 -3  0]
[ 0  0 -3]
T =
[ 1 -1 -3]
[ 1 -2 -3]
[ 0  0  0]
