------------------------ New data for 2022/05/20 00:02:59 ------------------------
=============
M =
[ 0 -6  2]
[ 1 -1 -1]
[ 2 -6  0]
D =
[ 2  0  0]
[ 0 -1  0]
[ 0  0 -2]
T =
[ 0  2 -1]
[ 1  1 -1]
[ 1  0 -1]
=============
M =
[-7 -4  4]
[ 4  1 -4]
[-4 -4  1]
D =
[ 1  0  0]
[ 0 -3  0]
[ 0  0 -3]
T =
[ 1  1 -1]
[ 1  1  0]
[ 1  0 -1]
=============
M =
[-5 -1 -1]
[ 4  1 -2]
[ 8  1  4]
D =
[ 3  0  0]
[ 0 -1  0]
[ 0  0 -2]
T =
[1 0 1]
[3 1 1]
[4 1 1]
=============
M =
[ 7  8 -2]
[-5 -6  2]
[ 5  5 -3]
D =
[ 2  0  0]
[ 0 -1  0]
[ 0  0 -3]
T =
[ 1  1  0]
[ 0  1  1]
[ 1  1 -1]
=============
M =
[-4 -1  3]
[ 3 -2 -9]
[-1  1  4]
D =
[ 1  0  0]
[ 0 -1  0]
[ 0  0 -2]
T =
[0 1 3]
[1 2 3]
[1 1 1]
=============
M =
[-5  4  2]
[-6  5  2]
[ 3 -3 -2]
D =
[ 1  0  0]
[ 0 -1  0]
[ 0  0 -2]
T =
[ 1 -1  0]
[ 0  1  2]
[ 1 -1 -1]
=============
M =
[ 2 -3  6]
[ 0  1  6]
[ 1 -3 -5]
D =
[ 1  0  0]
[ 0 -1  0]
[ 0  0 -2]
T =
[ 1 -2 -1]
[ 1 -3 -3]
[ 1 -3 -4]
=============
M =
[ 7 -6 -6]
[ 6 -5 -6]
[ 3 -3 -2]
D =
[ 1  0  0]
[ 0  1  0]
[ 0  0 -2]
T =
[ 1 -1  0]
[ 1  0 -2]
[ 1 -1 -1]
=============
M =
[-8  4 -1]
[-9  3  1]
[-4  2 -1]
D =
[-1  0  0]
[ 0 -2  0]
[ 0  0 -3]
T =
[ 1  1 -4]
[ 1 -2  3]
[ 1 -1  1]
=============
M =
[ 9 -4 -4]
[ 3  1  3]
[ 9 -6 -8]
D =
[ 3  0  0]
[ 0  1  0]
[ 0  0 -2]
T =
[ 2 -1 -1]
[ 3 -2 -2]
[ 3 -2 -3]
=============
M =
[-3  4 -8]
[-6  3  0]
[-2  0  3]
D =
[ 3  0  0]
[ 0  1  0]
[ 0  0 -1]
T =
[ 0  1 -3]
[ 1 -2  4]
[ 1 -1  2]
=============
M =
[ 4  6 -6]
[-2 -3  0]
[ 1  2 -5]
D =
[ 1  0  0]
[ 0 -2  0]
[ 0  0 -3]
T =
[ 1  1 -1]
[ 1  2 -2]
[ 1  2 -3]
=============
M =
[-1  4  4]
[ 4 -1 -4]
[-4  4  7]
D =
[ 3  0  0]
[ 0  3  0]
[ 0  0 -1]
T =
[ 1  1  0]
[ 1  0 -1]
[ 1 -1 -1]
=============
M =
[-3  4  8]
[-2 -5 -4]
[ 0  4  5]
D =
[ 1  0  0]
[ 0 -1  0]
[ 0  0 -3]
T =
[ 1 -2 -4]
[ 1 -1 -2]
[ 1  0 -1]
=============
M =
[-3  1 -2]
[ 2 -4  4]
[ 2 -2  2]
D =
[-1  0  0]
[ 0 -2  0]
[ 0  0 -2]
T =
[ 1 -1  2]
[ 2  1  0]
[ 2  0  1]
=============
M =
[ 7 -3 -6]
[ 6 -2 -6]
[ 6 -3 -5]
D =
[ 1  0  0]
[ 0  1  0]
[ 0  0 -2]
T =
[ 1 -1  0]
[ 1  0 -1]
[ 2 -1 -2]
=============
M =
[ 2  3 -3]
[ 3  2 -3]
[ 3  3 -4]
D =
[ 2  0  0]
[ 0 -1  0]
[ 0  0 -1]
T =
[ 1  1 -1]
[ 1 -1  0]
[ 1  0 -1]
=============
M =
[-9 -8 -8]
[ 0 -1 -4]
[ 6  6  9]
D =
[ 3  0  0]
[ 0 -1  0]
[ 0  0 -3]
T =
[1 1 2]
[3 4 4]
[1 1 1]
=============
M =
[ 8  2 -8]
[-3  1  6]
[ 9  3 -8]
D =
[ 2  0  0]
[ 0  1  0]
[ 0  0 -2]
T =
[ 2  1 -1]
[ 3  1 -2]
[ 3  1 -3]
=============
M =
[ 5  8  4]
[-2 -3 -2]
[ 2  4  3]
D =
[3 0 0]
[0 1 0]
[0 0 1]
T =
[ 1  2  1]
[ 1  2  0]
[ 1  0 -2]
=============
M =
[-4 -3 -3]
[ 9  8  9]
[-3 -3 -4]
D =
[ 2  0  0]
[ 0 -1  0]
[ 0  0 -1]
T =
[ 1  1  1]
[ 3  1  0]
[ 1  0 -1]
=============
M =
[ 3  4 -8]
[-2 -3  4]
[ 2  2 -5]
D =
[-1  0  0]
[ 0 -1  0]
[ 0  0 -3]
T =
[ 1  2  0]
[ 1  0 -2]
[ 1  1 -2]
=============
M =
[ 4  3 -3]
[-9 -8  9]
[-3 -3  4]
D =
[ 1  0  0]
[ 0  1  0]
[ 0  0 -2]
T =
[ 3  1  0]
[ 1  0  1]
[ 1  1 -1]
=============
M =
[-6  7  9]
[-3  4  9]
[-3  3 -2]
D =
[ 1  0  0]
[ 0 -2  0]
[ 0  0 -3]
T =
[ 3 -4 -3]
[ 3 -3 -1]
[ 1 -1  0]
=============
M =
[ 7 -5 -9]
[ 6 -4 -9]
[ 2 -2 -1]
D =
[ 2  0  0]
[ 0  1  0]
[ 0  0 -1]
T =
[ 0  1 -3]
[ 1 -1  0]
[ 1 -1 -1]
=============
M =
[-1  6  6]
[-4  3  0]
[ 4 -6 -3]
D =
[ 3  0  0]
[ 0 -1  0]
[ 0  0 -3]
T =
[1 0 1]
[1 3 3]
[0 1 1]
=============
M =
[-5  4  8]
[ 2 -3 -4]
[-2  2  3]
D =
[-1  0  0]
[ 0 -1  0]
[ 0  0 -3]
T =
[ 1  2  0]
[ 1  0 -2]
[ 1 -1 -2]
=============
M =
[ 1 -4 -8]
[ 0 -3 -8]
[-2  2 -1]
D =
[ 1  0  0]
[ 0 -1  0]
[ 0  0 -3]
T =
[ 1 -1  0]
[ 1 -1  1]
[ 2 -1  4]
=============
M =
[ 9 -8 -8]
[ 8 -7 -8]
[ 4 -4 -3]
D =
[ 1  0  0]
[ 0  1  0]
[ 0  0 -3]
T =
[ 1 -1  0]
[ 1  0 -2]
[ 1 -1 -1]
=============
M =
[ 6  6  1]
[-4 -3  0]
[ 4  6  3]
D =
[3 0 0]
[0 2 0]
[0 0 1]
T =
[ 0  1  1]
[ 1  0 -1]
[ 4  3 -2]
=============
M =
[-9  4  2]
[-8  5  0]
[-8  4  1]
D =
[ 1  0  0]
[ 0 -1  0]
[ 0  0 -3]
T =
[ 0  1 -1]
[ 1  0 -1]
[ 4 -1 -2]
=============
M =
[ 3  2  2]
[-2 -1 -2]
[ 2  2  3]
D =
[3 0 0]
[0 1 0]
[0 0 1]
T =
[ 1  1  1]
[ 1  1  0]
[ 1  0 -1]
=============
M =
[ 5 -4  4]
[ 4 -3  4]
[-2  2 -1]
D =
[ 1  0  0]
[ 0  1  0]
[ 0  0 -1]
T =
[ 1 -1  0]
[ 1  0  2]
[ 1 -1  1]
=============
M =
[ 1  1 -1]
[ 4  2 -5]
[ 4  1 -4]
D =
[ 1  0  0]
[ 0  1  0]
[ 0  0 -3]
T =
[ 0  1 -1]
[ 0  0  0]
[ 1  0 -1]
=============
M =
[ 1 -2  3]
[-6  1  3]
[-4  0  3]
D =
[3 0 0]
[0 1 0]
[0 0 1]
T =
[ 1 -1  1]
[ 0  2 -3]
[ 0  0  0]
=============
M =
[ 3  2  8]
[ 2  3  8]
[-1 -1 -3]
D =
[1 0 0]
[0 1 0]
[0 0 1]
T =
[ 1 -1  0]
[ 1  0  2]
[ 0  0  0]
=============
M =
[-6 -1  4]
[ 5  4  4]
[-3 -1  1]
D =
[ 1  0  0]
[ 0  1  0]
[ 0  0 -3]
T =
[ 1 -1 -4]
[ 0  0  0]
[ 1  0 -1]
=============
M =
[ 0  1  2]
[ 1  0 -2]
[-1  1  3]
D =
[1 0 0]
[0 1 0]
[0 0 1]
T =
[ 1  1  0]
[ 1  0 -1]
[ 0  0  0]
=============
M =
[ 5 -6  1]
[ 3 -4  1]
[ 9 -9 -1]
D =
[ 2  0  0]
[ 0 -1  0]
[ 0  0 -1]
T =
[ 1 -1  0]
[ 3 -3 -1]
[ 0  0  0]
=============
M =
[-5  6 -4]
[-4  5 -4]
[-2  3  5]
D =
[ 3  0  0]
[ 0  3  0]
[ 0  0 -1]
T =
[ 2 -3 -2]
[ 0  0  0]
[ 1 -1  0]
=============
M =
[-7  2 -4]
[-6  1 -3]
[ 3 -1  1]
D =
[-1  0  0]
[ 0 -2  0]
[ 0  0 -2]
T =
[ 1  0  2]
[ 3 -1  3]
[ 0  0  0]
=============
M =
[-1  8  4]
[ 1 -3 -2]
[-3  6  5]
D =
[ 1  0  0]
[ 0  1  0]
[ 0  0 -1]
T =
[1 2 0]
[0 0 0]
[0 3 1]
=============
M =
[ 1  0 -2]
[ 9 -5 -9]
[-6  4  5]
D =
[ 1  0  0]
[ 0  1  0]
[ 0  0 -1]
T =
[ 3 -2 -3]
[ 0  0  0]
[ 3 -2 -2]
=============
M =
[ 4 -1 -1]
[ 7  4  5]
[-6 -2 -3]
D =
[ 3  0  0]
[ 0  3  0]
[ 0  0 -1]
T =
[ 1 -1 -1]
[ 0  0  0]
[ 1  1  2]
=============
M =
[ 2 -6  9]
[ 3 -5  3]
[ 1 -2  2]
D =
[ 1  0  0]
[ 0 -1  0]
[ 0  0 -1]
T =
[ 0  1 -3]
[ 1  0 -3]
[ 0  0  0]
=============
M =
[-5  7  1]
[-6  8  1]
[-1  1  2]
D =
[2 0 0]
[0 2 0]
[0 0 1]
T =
[ 1 -1 -1]
[ 0  0  0]
[ 1 -1  0]
=============
M =
[-2  2 -1]
[-1  1 -1]
[-1  2 -2]
D =
[-1  0  0]
[ 0 -1  0]
[ 0  0 -1]
T =
[ 1 -1  0]
[ 1  0 -1]
[ 0  0  0]
=============
M =
[ 4 -7 -1]
[ 3 -7 -2]
[-3  8  3]
D =
[ 1  0  0]
[ 0  1  0]
[ 0  0 -2]
T =
[ 0  1  1]
[ 0  0  0]
[ 1 -3 -1]
=============
M =
[ 1 -3  2]
[ 6  1 -2]
[ 9  0 -2]
D =
[ 1  0  0]
[ 0  1  0]
[ 0  0 -2]
T =
[ 0  3 -2]
[ 0  0  0]
[ 1  1 -1]
=============
M =
[ 1 -2 -8]
[-2  1  8]
[-1 -1 -1]
D =
[ 3  0  0]
[ 0 -1  0]
[ 0  0 -1]
T =
[ 1  0 -2]
[ 1  1  0]
[ 0  0  0]
=============
M =
[ 2 -3 -3]
[ 4 -5 -4]
[-1  1  0]
D =
[-1  0  0]
[ 0 -1  0]
[ 0  0 -1]
T =
[ 4 -3  0]
[ 1  0  3]
[ 0  0  0]
=============
M =
[-9 -6  8]
[ 7  6 -5]
[-8 -4  8]
D =
[2 0 0]
[0 2 0]
[0 0 1]
T =
[ 2  2 -1]
[ 0  0  0]
[ 3  2 -2]
=============
M =
[ 0  1  1]
[-2 -3 -2]
[ 1  1  0]
D =
[-1  0  0]
[ 0 -1  0]
[ 0  0 -1]
T =
[ 2  1  0]
[ 1  0 -1]
[ 0  0  0]
=============
M =
[ 2 -1  1]
[ 1 -2  3]
[ 1 -4  5]
D =
[2 0 0]
[0 2 0]
[0 0 1]
T =
[ 0  1 -1]
[ 0  0  0]
[ 1 -3  2]
=============
M =
[ 3  3 -9]
[-4 -4  9]
[ 4  3 -6]
D =
[-1  0  0]
[ 0 -3  0]
[ 0  0 -3]
T =
[ 1  1  0]
[ 4  3 -3]
[ 0  0  0]
=============
M =
[-5  1  1]
[-4 -1  2]
[-4  0  1]
D =
[-1  0  0]
[ 0 -1  0]
[ 0  0 -3]
T =
[ 0  1 -1]
[ 0  0  0]
[ 2 -1  0]
=============
M =
[ 0 -2  2]
[ 1 -5  5]
[ 1 -2  1]
D =
[-1  0  0]
[ 0 -1  0]
[ 0  0 -2]
T =
[ 1  0 -1]
[ 0  0  0]
[ 1  2 -4]
=============
M =
[-6 -6  1]
[ 3  3 -1]
[ 1  2 -2]
D =
[-1  0  0]
[ 0 -1  0]
[ 0  0 -3]
T =
[ 1  2 -1]
[ 0  0  0]
[ 1  1  0]
=============
M =
[-1 -1  5]
[ 1  1 -3]
[-1  0  4]
D =
[2 0 0]
[0 1 0]
[0 0 1]
T =
[ 1 -1 -4]
[ 0  1  1]
[ 0  0  0]
=============
M =
[ 4 -1 -8]
[-3 -2  4]
[ 4  0 -7]
D =
[-1  0  0]
[ 0 -1  0]
[ 0  0 -3]
T =
[ 1 -1 -2]
[ 0  0  0]
[ 1  1 -1]
=============
M =
[ 6 -7  4]
[ 7 -8  4]
[ 8 -8  3]
D =
[ 3  0  0]
[ 0 -1  0]
[ 0  0 -1]
T =
[ 2 -2  1]
[ 1 -1  0]
[ 0  0  0]
=============
M =
[-5  3 -7]
[-3  1 -6]
[ 1 -1  0]
D =
[-1  0  0]
[ 0 -1  0]
[ 0  0 -2]
T =
[ 1 -1  1]
[ 0  0  0]
[ 0  1  3]
=============
M =
[-5  8  6]
[-2  3  3]
[-3  6  2]
D =
[ 2  0  0]
[ 0 -1  0]
[ 0  0 -1]
T =
[ 1 -2 -1]
[ 1 -2  0]
[ 0  0  0]
=============
M =
[ 6 -4  8]
[ 1 -7 -2]
[-3  6 -2]
D =
[ 1  0  0]
[ 0 -2  0]
[ 0  0 -2]
T =
[1 1 2]
[1 4 4]
[0 0 0]
=============
M =
[-9  8  8]
[-7  7  5]
[-4  4  3]
D =
[ 1  0  0]
[ 0  1  0]
[ 0  0 -1]
T =
[ 1 -2  1]
[ 0  0  0]
[ 1  0 -2]
=============
M =
[-3 -3  7]
[-1 -3  4]
[ 0 -2  1]
D =
[-1  0  0]
[ 0 -2  0]
[ 0  0 -2]
T =
[ 2 -4  1]
[ 1 -1 -1]
[ 0  0  0]
=============
M =
[ 5 -1  1]
[ 6 -2  1]
[ 2 -3  2]
D =
[ 3  0  0]
[ 0  3  0]
[ 0  0 -1]
T =
[ 2 -1  1]
[ 0  0  0]
[ 1 -1  0]
=============
M =
[-4 -7 -9]
[ 1  2  2]
[ 2  2  5]
D =
[1 0 0]
[0 1 0]
[0 0 1]
T =
[ 0  2 -1]
[ 0  0  0]
[ 0  0  0]
=============
M =
[ 0  1 -1]
[-1 -3  3]
[-1 -1  0]
D =
[-1  0  0]
[ 0 -1  0]
[ 0  0 -1]
T =
[1 0 1]
[0 0 0]
[0 0 0]
=============
M =
[-1 -5 -1]
[ 1  4  1]
[-1 -3  0]
D =
[1 0 0]
[0 1 0]
[0 0 1]
T =
[0 1 1]
[0 0 0]
[0 0 0]
=============
M =
[-2 -2 -3]
[ 2  1  2]
[-1 -1 -2]
D =
[-1  0  0]
[ 0 -1  0]
[ 0  0 -1]
T =
[0 1 2]
[0 0 0]
[0 0 0]
=============
M =
[ 0  1 -2]
[-3 -1 -3]
[-1  0 -2]
D =
[-1  0  0]
[ 0 -1  0]
[ 0  0 -1]
T =
[ 0  1 -3]
[ 0  0  0]
[ 0  0  0]
=============
M =
[ 3 -4  4]
[ 1 -2  3]
[ 0 -1  2]
D =
[1 0 0]
[0 1 0]
[0 0 1]
T =
[ 1 -2  2]
[ 0  0  0]
[ 0  0  0]
=============
M =
[ 3  2 -2]
[-9 -6  7]
[-2 -1  0]
D =
[-1  0  0]
[ 0 -1  0]
[ 0  0 -1]
T =
[1 0 2]
[0 0 0]
[0 0 0]
=============
M =
[ 4  1 -3]
[ 7  2 -5]
[ 5  1 -3]
D =
[1 0 0]
[0 1 0]
[0 0 1]
T =
[ 1  1 -2]
[ 0  0  0]
[ 0  0  0]
=============
M =
[ 6  5  1]
[-8 -7  0]
[-3 -2 -2]
D =
[-1  0  0]
[ 0 -1  0]
[ 0  0 -1]
T =
[2 1 2]
[0 0 0]
[0 0 0]
=============
M =
[ 5  6  8]
[-1 -1 -2]
[-1 -1 -1]
D =
[1 0 0]
[0 1 0]
[0 0 1]
T =
[1 2 2]
[0 0 0]
[0 0 0]
=============
M =
[ 0  2 -3]
[-1  3 -2]
[-1  2  0]
D =
[1 0 0]
[0 1 0]
[0 0 1]
T =
[ 1 -2  1]
[ 0  0  0]
[ 0  0  0]
=============
M =
[ 2 -3 -4]
[ 1 -2 -4]
[-1  2  3]
D =
[1 0 0]
[0 1 0]
[0 0 1]
T =
[ 1 -1  0]
[ 0  0  0]
[ 0  0  0]
=============
M =
[-1 -5  9]
[ 2  6 -9]
[ 1  2 -2]
D =
[1 0 0]
[0 1 0]
[0 0 1]
T =
[1 1 0]
[0 0 0]
[0 0 0]
=============
M =
[-3 -1 -9]
[ 4  2  9]
[ 1  0  4]
D =
[1 0 0]
[0 1 0]
[0 0 1]
T =
[1 1 0]
[0 0 0]
[0 0 0]
=============
M =
[ 2 -6 -1]
[ 1 -3  0]
[ 1 -2 -2]
D =
[-1  0  0]
[ 0 -1  0]
[ 0  0 -1]
T =
[ 1 -2 -1]
[ 0  0  0]
[ 0  0  0]
=============
M =
[-7  6  1]
[-8  7  0]
[-4  3  3]
D =
[1 0 0]
[0 1 0]
[0 0 1]
T =
[ 4 -3 -2]
[ 0  0  0]
[ 0  0  0]
=============
M =
[ 3 -2  1]
[ 7 -4  2]
[ 9 -7  4]
D =
[1 0 0]
[0 1 0]
[0 0 1]
T =
[ 1  1 -1]
[ 0  0  0]
[ 0  0  0]
=============
M =
[ 0 -1 -1]
[-1  0  1]
[ 1 -3 -3]
D =
[-1  0  0]
[ 0 -1  0]
[ 0  0 -1]
T =
[1 1 0]
[0 0 0]
[0 0 0]
=============
M =
[-2  1  1]
[ 9 -7 -9]
[-7  5  6]
D =
[-1  0  0]
[ 0 -1  0]
[ 0  0 -1]
T =
[ 3 -2 -3]
[ 0  0  0]
[ 0  0  0]
=============
M =
[-1  5  4]
[-1  4  3]
[ 1 -2  0]
D =
[1 0 0]
[0 1 0]
[0 0 1]
T =
[ 1 -1  1]
[ 0  0  0]
[ 0  0  0]
=============
M =
[-2 -3  7]
[ 1  2 -3]
[-1 -1  3]
D =
[1 0 0]
[0 1 0]
[0 0 1]
T =
[ 1  1 -2]
[ 0  0  0]
[ 0  0  0]
=============
M =
[-2 -1  2]
[-2 -2  3]
[-1 -1  1]
D =
[-1  0  0]
[ 0 -1  0]
[ 0  0 -1]
T =
[ 1  0 -1]
[ 0  0  0]
[ 0  0  0]
=============
M =
[-3 -2 -5]
[ 2  2  1]
[ 2  1  4]
D =
[1 0 0]
[0 1 0]
[0 0 1]
T =
[2 1 3]
[0 0 0]
[0 0 0]
=============
M =
[ 1 -2 -1]
[ 1 -1 -1]
[ 2  0 -3]
D =
[-1  0  0]
[ 0 -1  0]
[ 0  0 -1]
T =
[ 0  2 -1]
[ 0  0  0]
[ 0  0  0]
=============
M =
[-1 -1  2]
[ 2  2 -3]
[-2 -1  2]
D =
[1 0 0]
[0 1 0]
[0 0 1]
T =
[ 2  1 -1]
[ 0  0  0]
[ 0  0  0]
=============
M =
[-1 -2 -1]
[-2 -1 -1]
[ 7  9  5]
D =
[1 0 0]
[0 1 0]
[0 0 1]
T =
[ 1 -1  0]
[ 0  0  0]
[ 0  0  0]
=============
M =
[-5  6  5]
[ 0 -1 -2]
[-2  3  3]
D =
[-1  0  0]
[ 0 -1  0]
[ 0  0 -1]
T =
[ 2 -3 -4]
[ 0  0  0]
[ 0  0  0]
=============
M =
[-3  2  5]
[ 1 -2 -4]
[-1  1  2]
D =
[-1  0  0]
[ 0 -1  0]
[ 0  0 -1]
T =
[ 1 -1 -3]
[ 0  0  0]
[ 0  0  0]
=============
M =
[ 5  8  7]
[-1 -3 -1]
[-4 -8 -5]
D =
[-1  0  0]
[ 0 -1  0]
[ 0  0 -1]
T =
[ 0  4 -1]
[ 0  0  0]
[ 0  0  0]
=============
M =
[-1  1  1]
[-2  2  1]
[-3  2  2]
D =
[1 0 0]
[0 1 0]
[0 0 1]
T =
[ 1 -1  0]
[ 0  0  0]
[ 0  0  0]
=============
M =
[ 2 -1  1]
[ 2 -3  6]
[ 1 -2  4]
D =
[1 0 0]
[0 1 0]
[0 0 1]
T =
[ 0  1 -2]
[ 0  0  0]
[ 0  0  0]
=============
M =
[-7 -9  6]
[ 7  8 -5]
[ 5  6 -4]
D =
[-1  0  0]
[ 0 -1  0]
[ 0  0 -1]
T =
[ 1  3 -3]
[ 0  0  0]
[ 0  0  0]
=============
M =
[ 0 -3 -5]
[ 2  5  6]
[-1 -2 -2]
D =
[1 0 0]
[0 1 0]
[0 0 1]
T =
[0 1 2]
[0 0 0]
[0 0 0]
=============
M =
[-2  1  0]
[-7 -6  8]
[-6 -3  5]
D =
[-1  0  0]
[ 0 -1  0]
[ 0  0 -1]
T =
[ 3  3 -4]
[ 0  0  0]
[ 0  0  0]
------------------------ New data for 2022/05/20 04:44:44 ------------------------
=============
M =
[-5  8 -4]
[-4  7 -4]
[-2  2  1]
D =
[ 3  0  0]
[ 0  1  0]
[ 0  0 -1]
T =
[ 0  1 -2]
[ 1 -1 -1]
[ 1 -1  0]
=============
M =
[ 3 -1 -3]
[-4  3  6]
[ 2 -1 -2]
D =
[2 0 0]
[0 1 0]
[0 0 1]
T =
[ 2 -1 -3]
[ 2  1  0]
[ 1  0 -1]
=============
M =
[ 2 -6 -9]
[ 1  9  9]
[-2 -8 -7]
D =
[ 3  0  0]
[ 0  2  0]
[ 0  0 -1]
T =
[1 1 0]
[1 2 1]
[1 3 3]
=============
M =
[-3 -4  4]
[ 4  5 -4]
[ 2  2 -1]
D =
[ 1  0  0]
[ 0  1  0]
[ 0  0 -1]
T =
[ 1  1  0]
[ 1  0  2]
[ 1  1 -1]
=============
M =
[-3  2  6]
[ 6  1 -6]
[-6  2  9]
D =
[3 0 0]
[0 3 0]
[0 0 1]
T =
[ 1  1  0]
[ 1  0 -1]
[ 3 -1 -3]
=============
M =
[ 5 -3  3]
[ 3 -1  3]
[-3  3 -1]
D =
[ 2  0  0]
[ 0  2  0]
[ 0  0 -1]
T =
[ 1 -1  0]
[ 1  0  1]
[ 1 -1  1]
=============
M =
[-7  8  0]
[-4  7 -2]
[-4  8 -3]
D =
[ 1  0  0]
[ 0 -1  0]
[ 0  0 -3]
T =
[ 1 -4  2]
[ 0  1 -1]
[ 1  0 -1]
=============
M =
[-3  0 -8]
[-2 -1 -8]
[ 2 -2  1]
D =
[ 1  0  0]
[ 0 -1  0]
[ 0  0 -3]
T =
[ 1 -1  1]
[ 1 -1  0]
[ 1 -2 -2]
=============
M =
[-3  4 -2]
[-6  3 -6]
[ 0 -4 -1]
D =
[ 3  0  0]
[ 0 -1  0]
[ 0  0 -3]
T =
[ 1 -1  1]
[ 3 -1  2]
[ 1  0  1]
=============
M =
[-1  1 -2]
[-2 -4 -2]
[ 2  2  3]
D =
[ 1  0  0]
[ 0 -1  0]
[ 0  0 -2]
T =
[1 1 2]
[1 1 1]
[2 3 2]
=============
M =
[ 1  2  4]
[ 8 -1  4]
[-4  0 -3]
D =
[ 1  0  0]
[ 0 -1  0]
[ 0  0 -3]
T =
[ 1  1  2]
[ 0  1  2]
[ 1 -1 -1]
=============
M =
[ 5 -4  4]
[ 4 -3  4]
[ 1 -1  2]
D =
[2 0 0]
[0 1 0]
[0 0 1]
T =
[ 1 -1  1]
[ 1 -1  0]
[ 1  0 -4]
=============
M =
[ 0 -1  1]
[-1  0  1]
[ 5 -7 -4]
D =
[ 1  0  0]
[ 0 -2  0]
[ 0  0 -3]
T =
[ 1 -1  0]
[ 1 -3 -1]
[ 1 -2 -1]
=============
M =
[-5 -3 -9]
[ 7  5  9]
[ 1  1  1]
D =
[ 2  0  0]
[ 0  1  0]
[ 0  0 -2]
T =
[ 1  1  0]
[ 1  1 -1]
[ 1  0  3]
=============
M =
[ 3 -2 -2]
[ 6 -5 -2]
[-6  6  3]
D =
[ 3  0  0]
[ 0  1  0]
[ 0  0 -3]
T =
[ 1 -1 -1]
[ 0  1  1]
[ 1 -1  0]
=============
M =
[ 7  4 -8]
[-2 -3  0]
[ 2  2 -1]
D =
[ 3  0  0]
[ 0  1  0]
[ 0  0 -1]
T =
[ 1  0 -2]
[ 1 -1 -4]
[ 0  1  1]
=============
M =
[-3  1 -6]
[ 2 -4  2]
[ 4 -4  7]
D =
[ 3  0  0]
[ 0 -1  0]
[ 0  0 -2]
T =
[ 1 -1  2]
[ 1 -1  1]
[ 2 -3  2]
=============
M =
[-1 -2 -8]
[ 0  1  8]
[ 2  2 -3]
D =
[ 1  0  0]
[ 0 -1  0]
[ 0  0 -3]
T =
[ 2  3  2]
[ 1  1  0]
[ 1  1 -1]
=============
M =
[ 2 -6  6]
[ 3 -7  6]
[ 3 -6  5]
D =
[ 2  0  0]
[ 0 -1  0]
[ 0  0 -1]
T =
[ 1 -2  2]
[ 1 -1  0]
[ 1  0 -1]
=============
M =
[ 2  3  6]
[-2 -3 -4]
[-1 -1 -3]
D =
[-1  0  0]
[ 0 -1  0]
[ 0  0 -2]
T =
[2 3 0]
[1 0 3]
[1 1 2]
=============
M =
[-1 -1  3]
[ 9  1  3]
[ 3  1 -1]
D =
[ 2  0  0]
[ 0 -1  0]
[ 0  0 -2]
T =
[ 1  0  1]
[ 1 -1  3]
[ 0  1 -3]
=============
M =
[ 3  0 -6]
[ 0  3 -6]
[-4  8 -7]
D =
[ 3  0  0]
[ 0 -1  0]
[ 0  0 -3]
T =
[ 1 -1  0]
[ 1 -2  1]
[ 2 -4  3]
=============
M =
[ 7  4 -4]
[-4 -1  4]
[ 4  4 -1]
D =
[ 3  0  0]
[ 0  3  0]
[ 0  0 -1]
T =
[ 1  1  0]
[ 1  0 -1]
[ 1  1 -1]
=============
M =
[ 9  8 -8]
[-8 -7  8]
[ 2  2 -1]
D =
[ 1  0  0]
[ 0  1  0]
[ 0  0 -1]
T =
[ 1  1  0]
[ 1  0 -4]
[ 1  1 -1]
=============
M =
[ 0 -1  5]
[-1  0  7]
[-1 -1  6]
D =
[3 0 0]
[0 2 0]
[0 0 1]
T =
[ 1  1 -4]
[ 1  1 -3]
[ 1  0 -1]
=============
M =
[-7 -2 -6]
[-8  5  0]
[ 8 -2  3]
D =
[ 3  0  0]
[ 0  1  0]
[ 0  0 -3]
T =
[0 1 1]
[1 2 3]
[2 1 2]
=============
M =
[-8  3 -8]
[-6  1 -8]
[ 8 -4  7]
D =
[ 3  0  0]
[ 0 -1  0]
[ 0  0 -2]
T =
[ 2 -1  2]
[ 2 -1  1]
[ 1 -1  0]
=============
M =
[-4  6  9]
[-5  7  9]
[ 1 -2 -4]
D =
[ 1  0  0]
[ 0 -1  0]
[ 0  0 -1]
T =
[ 1 -1  0]
[ 1  0  3]
[ 0  0  0]
=============
M =
[-3 -2 -3]
[ 0 -2  1]
[ 2  4  0]
D =
[-1  0  0]
[ 0 -2  0]
[ 0  0 -2]
T =
[1 2 1]
[2 4 1]
[0 0 0]
=============
M =
[ 3  2 -6]
[ 2  4 -7]
[-2  3 -2]
D =
[ 3  0  0]
[ 0  3  0]
[ 0  0 -1]
T =
[ 2 -1 -1]
[ 0  0  0]
[ 1 -1  1]
=============
M =
[ 2 -1  1]
[ 4  3 -4]
[ 3 -1  0]
D =
[ 3  0  0]
[ 0  3  0]
[ 0  0 -1]
T =
[ 1  1 -1]
[ 0  0  0]
[ 1  0 -1]
=============
M =
[ 1  8 -8]
[-1 -5  2]
[-1 -4 -3]
D =
[-1  0  0]
[ 0 -3  0]
[ 0  0 -3]
T =
[ 1  3 -1]
[ 1  4  0]
[ 0  0  0]
=============
M =
[-7  1  7]
[-2  2  1]
[-5  1  5]
D =
[ 1  0  0]
[ 0  1  0]
[ 0  0 -2]
T =
[ 1  1 -2]
[ 0  0  0]
[ 1  0 -1]
=============
M =
[-2 -4  8]
[ 0 -7  9]
[ 1 -8  9]
D =
[ 2  0  0]
[ 0 -1  0]
[ 0  0 -1]
T =
[ 1 -4  4]
[ 1 -2  1]
[ 0  0  0]
=============
M =
[-4  2 -1]
[-6  3 -2]
[-3  2 -2]
D =
[-1  0  0]
[ 0 -1  0]
[ 0  0 -1]
T =
[ 2 -1  0]
[ 1  0 -1]
[ 0  0  0]
=============
M =
[ 1  0 -2]
[-1  2 -2]
[ 1 -1  2]
D =
[2 0 0]
[0 2 0]
[0 0 1]
T =
[ 1 -1  0]
[ 0  0  0]
[ 1 -2 -2]
=============
M =
[-2 -1  4]
[ 5  4 -8]
[ 1  1 -1]
D =
[ 1  0  0]
[ 0  1  0]
[ 0  0 -1]
T =
[ 1  1 -2]
[ 0  0  0]
[ 2  1 -3]
=============
M =
[-1  1  1]
[-4  8  5]
[ 4 -9 -6]
D =
[ 3  0  0]
[ 0 -1  0]
[ 0  0 -1]
T =
[ 1 -2 -1]
[ 0  1  1]
[ 0  0  0]
=============
M =
[-5 -1 -5]
[-4 -3 -6]
[ 3  1  3]
D =
[-1  0  0]
[ 0 -2  0]
[ 0  0 -2]
T =
[2 1 4]
[1 0 1]
[0 0 0]
=============
M =
[-1  1  3]
[ 1  1  7]
[ 0 -1 -4]
D =
[-1  0  0]
[ 0 -1  0]
[ 0  0 -2]
T =
[ 1  0  1]
[ 0  0  0]
[ 1 -1 -2]
=============
M =
[ 3  4 -8]
[-3 -4  9]
[-1 -1  2]
D =
[ 1  0  0]
[ 0  1  0]
[ 0  0 -1]
T =
[ 1  1 -1]
[ 0  0  0]
[ 0  1 -3]
=============
M =
[ 3 -5  6]
[-1  3 -2]
[-1  2 -1]
D =
[2 0 0]
[0 2 0]
[0 0 1]
T =
[ 1 -3  4]
[ 0  0  0]
[ 0  1 -1]
=============
M =
[-5 -4  0]
[ 6  7  3]
[-4 -4 -1]
D =
[ 1  0  0]
[ 0  1  0]
[ 0  0 -1]
T =
[ 0  2  3]
[ 0  0  0]
[ 1  0 -1]
=============
M =
[ 5  2  2]
[-6 -2 -3]
[-2 -1  0]
D =
[1 0 0]
[0 1 0]
[0 0 1]
T =
[3 2 0]
[1 0 2]
[0 0 0]
=============
M =
[ 4  5 -7]
[ 1  0 -1]
[ 2  6 -5]
D =
[ 1  0  0]
[ 0  1  0]
[ 0  0 -3]
T =
[ 1 -1 -1]
[ 0  0  0]
[ 0  2 -1]
=============
M =
[-2 -2  1]
[-1 -1  0]
[-2  2 -2]
D =
[-1  0  0]
[ 0 -2  0]
[ 0  0 -2]
T =
[ 1 -3  1]
[ 0  2 -1]
[ 0  0  0]
=============
M =
[ 3 -1  0]
[ 4  0  1]
[-2  2  2]
D =
[2 0 0]
[0 2 0]
[0 0 1]
T =
[ 2  0  1]
[ 0  0  0]
[ 3 -1  1]
=============
M =
[ 5  4 -4]
[-6 -5  4]
[ 1  1 -1]
D =
[ 1  0  0]
[ 0 -1  0]
[ 0  0 -1]
T =
[ 2  1 -2]
[ 1  1  0]
[ 0  0  0]
=============
M =
[ 3  1  6]
[-4 -1 -3]
[-2 -1 -5]
D =
[ 1  0  0]
[ 0 -2  0]
[ 0  0 -2]
T =
[1 0 1]
[2 1 3]
[0 0 0]
=============
M =
[ 1 -3 -2]
[ 4 -5  0]
[-2  1 -3]
D =
[-1  0  0]
[ 0 -3  0]
[ 0  0 -3]
T =
[ 1 -1 -1]
[ 0  1  2]
[ 0  0  0]
=============
M =
[ 2  3 -9]
[ 0 -1  9]
[-1 -1  2]
D =
[ 2  0  0]
[ 0  2  0]
[ 0  0 -1]
T =
[1 1 0]
[0 0 0]
[1 0 3]
=============
M =
[-4  3  1]
[-1  0  1]
[ 2 -2 -1]
D =
[-1  0  0]
[ 0 -1  0]
[ 0  0 -3]
T =
[ 1 -1  1]
[ 0  0  0]
[ 1 -1  0]
=============
M =
[-4  1  5]
[ 2 -3 -6]
[-2  1  3]
D =
[-1  0  0]
[ 0 -1  0]
[ 0  0 -2]
T =
[ 2 -1 -4]
[ 0  0  0]
[ 1  0 -1]
=============
M =
[ 2  1  3]
[ 2  3  6]
[-1 -1 -2]
D =
[1 0 0]
[0 1 0]
[0 0 1]
T =
[ 2 -1  0]
[ 1  0  1]
[ 0  0  0]
=============
M =
[ 5  8 -4]
[-9 -9  9]
[ 2  4 -1]
D =
[ 1  0  0]
[ 0 -3  0]
[ 0  0 -3]
T =
[ 1  0 -2]
[ 3  2 -3]
[ 0  0  0]
=============
M =
[-6  3 -4]
[-4  1 -4]
[ 2 -1  1]
D =
[-1  0  0]
[ 0 -1  0]
[ 0  0 -2]
T =
[ 0  1  2]
[ 0  0  0]
[ 1 -1  0]
=============
M =
[-7  9  1]
[-4  6  1]
[ 4 -5  0]
D =
[ 1  0  0]
[ 0  1  0]
[ 0  0 -3]
T =
[ 0  1  1]
[ 0  0  0]
[ 1 -1  0]
=============
M =
[ 2 -1 -1]
[ 2 -1 -2]
[-1  1  2]
D =
[1 0 0]
[0 1 0]
[0 0 1]
T =
[ 2 -1  0]
[ 1  0  1]
[ 0  0  0]
=============
M =
[-1 -3 -6]
[ 1 -1 -2]
[ 0 -1 -3]
D =
[-1  0  0]
[ 0 -2  0]
[ 0  0 -2]
T =
[ 1  0 -3]
[ 1 -1 -4]
[ 0  0  0]
=============
M =
[ 1 -2 -2]
[-1  2  3]
[-1 -1  2]
D =
[3 0 0]
[0 1 0]
[0 0 1]
T =
[ 1  0 -2]
[ 1  1 -1]
[ 0  0  0]
=============
M =
[ 1 -4 -2]
[-1 -1 -1]
[ 2  8  5]
D =
[3 0 0]
[0 1 0]
[0 0 1]
T =
[0 2 1]
[1 2 1]
[0 0 0]
=============
M =
[-1  0  3]
[ 0 -1  4]
[-4  3 -1]
D =
[-1  0  0]
[ 0 -1  0]
[ 0  0 -1]
T =
[ 4 -3  0]
[ 0  0  0]
[ 0  0  0]
=============
M =
[ 3  1  0]
[-2  1  1]
[ 0 -2 -1]
D =
[1 0 0]
[0 1 0]
[0 0 1]
T =
[2 2 1]
[0 0 0]
[0 0 0]
=============
M =
[ 3  9 -7]
[-2 -6  5]
[-1 -2  0]
D =
[-1  0  0]
[ 0 -1  0]
[ 0  0 -1]
T =
[1 1 2]
[0 0 0]
[0 0 0]
=============
M =
[-8 -1 -9]
[ 7  0  9]
[ 5  1  5]
D =
[-1  0  0]
[ 0 -1  0]
[ 0  0 -1]
T =
[1 1 0]
[0 0 0]
[0 0 0]
=============
M =
[ 2  1  2]
[-5 -1 -7]
[ 1  0  2]
D =
[1 0 0]
[0 1 0]
[0 0 1]
T =
[2 1 3]
[0 0 0]
[0 0 0]
=============
M =
[-1 -1  0]
[ 1  1 -1]
[ 2  3 -3]
D =
[-1  0  0]
[ 0 -1  0]
[ 0  0 -1]
T =
[ 1  2 -1]
[ 0  0  0]
[ 0  0  0]
=============
M =
[ 2  0  1]
[ 1  3  7]
[ 0 -1 -2]
D =
[1 0 0]
[0 1 0]
[0 0 1]
T =
[ 1 -1 -2]
[ 0  0  0]
[ 0  0  0]
=============
M =
[-9 -7  1]
[ 8  5  2]
[ 2  1  1]
D =
[-1  0  0]
[ 0 -1  0]
[ 0  0 -1]
T =
[ 2  3 -4]
[ 0  0  0]
[ 0  0  0]
=============
M =
[ 2  2 -3]
[-3 -4  7]
[-2 -3  5]
D =
[1 0 0]
[0 1 0]
[0 0 1]
T =
[ 1  1 -1]
[ 0  0  0]
[ 0  0  0]
=============
M =
[ 3 -6 -1]
[ 3 -7 -3]
[-2  4  1]
D =
[-1  0  0]
[ 0 -1  0]
[ 0  0 -1]
T =
[0 2 3]
[0 0 0]
[0 0 0]
=============
M =
[-2  5  3]
[-1  3  1]
[-1  1  2]
D =
[1 0 0]
[0 1 0]
[0 0 1]
T =
[ 1 -2 -1]
[ 0  0  0]
[ 0  0  0]
=============
M =
[-1 -3  9]
[ 1 -4  6]
[ 0 -1  2]
D =
[-1  0  0]
[ 0 -1  0]
[ 0  0 -1]
T =
[ 1  0 -3]
[ 0  0  0]
[ 0  0  0]
=============
M =
[-3  2  2]
[-2  2  5]
[ 1 -1 -2]
D =
[-1  0  0]
[ 0 -1  0]
[ 0  0 -1]
T =
[1 0 2]
[0 0 0]
[0 0 0]
=============
M =
[-3 -2  9]
[ 0  1 -2]
[-2 -1  5]
D =
[1 0 0]
[0 1 0]
[0 0 1]
T =
[ 2  1 -4]
[ 0  0  0]
[ 0  0  0]
=============
M =
[ 3  4 -1]
[-4 -5  1]
[ 1  1 -1]
D =
[-1  0  0]
[ 0 -1  0]
[ 0  0 -1]
T =
[1 1 0]
[0 0 0]
[0 0 0]
=============
M =
[ 2  5 -3]
[ 1  3 -3]
[ 1  3 -2]
D =
[1 0 0]
[0 1 0]
[0 0 1]
T =
[ 1  2 -3]
[ 0  0  0]
[ 0  0  0]
=============
M =
[ 2  5 -4]
[-1 -3  3]
[-1 -4  4]
D =
[1 0 0]
[0 1 0]
[0 0 1]
T =
[ 0  1 -1]
[ 0  0  0]
[ 0  0  0]
=============
M =
[ 2  4  3]
[-1  0 -3]
[ 0 -1  1]
D =
[1 0 0]
[0 1 0]
[0 0 1]
T =
[1 1 3]
[0 0 0]
[0 0 0]
=============
M =
[ 3 -8  2]
[ 2 -5  1]
[-1  2 -1]
D =
[-1  0  0]
[ 0 -1  0]
[ 0  0 -1]
T =
[ 1 -2  0]
[ 0  0  0]
[ 0  0  0]
=============
M =
[-2  3  5]
[ 1 -1  1]
[-1  1  0]
D =
[-1  0  0]
[ 0 -1  0]
[ 0  0 -1]
T =
[ 1 -2 -3]
[ 0  0  0]
[ 0  0  0]
=============
M =
[ 2  2  1]
[-1 -1  0]
[-1 -2  2]
D =
[1 0 0]
[0 1 0]
[0 0 1]
T =
[ 1  2 -1]
[ 0  0  0]
[ 0  0  0]
=============
M =
[ 0  1 -6]
[ 2 -2 -3]
[ 1 -1 -1]
D =
[-1  0  0]
[ 0 -1  0]
[ 0  0 -1]
T =
[ 1 -2  3]
[ 0  0  0]
[ 0  0  0]
=============
M =
[ 7  4 -6]
[-6 -3  7]
[ 3  2 -1]
D =
[1 0 0]
[0 1 0]
[0 0 1]
T =
[ 3  2 -2]
[ 0  0  0]
[ 0  0  0]
=============
M =
[ 2 -1  5]
[ 1 -1  2]
[-2  1 -4]
D =
[-1  0  0]
[ 0 -1  0]
[ 0  0 -1]
T =
[ 1 -1  1]
[ 0  0  0]
[ 0  0  0]
=============
M =
[-2  1  5]
[ 1 -1 -3]
[-1 -1  0]
D =
[-1  0  0]
[ 0 -1  0]
[ 0  0 -1]
T =
[1 2 1]
[0 0 0]
[0 0 0]
=============
M =
[-1 -6  5]
[-1 -3  3]
[-2 -8  7]
D =
[1 0 0]
[0 1 0]
[0 0 1]
T =
[ 0  2 -1]
[ 0  0  0]
[ 0  0  0]
=============
M =
[-3  2 -3]
[-3  2 -4]
[-1  1 -2]
D =
[-1  0  0]
[ 0 -1  0]
[ 0  0 -1]
T =
[ 1 -1  1]
[ 0  0  0]
[ 0  0  0]
=============
M =
[-2  1  2]
[ 1  0 -2]
[ 0  1 -1]
D =
[-1  0  0]
[ 0 -1  0]
[ 0  0 -1]
T =
[ 1  1 -2]
[ 0  0  0]
[ 0  0  0]
=============
M =
[ 4 -5  7]
[-1  0 -2]
[-4  4 -7]
D =
[-1  0  0]
[ 0 -1  0]
[ 0  0 -1]
T =
[ 2 -2  3]
[ 0  0  0]
[ 0  0  0]
=============
M =
[-3  2  7]
[-2  2  5]
[-2  1  4]
D =
[1 0 0]
[0 1 0]
[0 0 1]
T =
[ 2 -1 -3]
[ 0  0  0]
[ 0  0  0]
=============
M =
[ 0  1  7]
[ 2 -3  6]
[ 1 -2  0]
D =
[-1  0  0]
[ 0 -1  0]
[ 0  0 -1]
T =
[ 2 -3  4]
[ 0  0  0]
[ 0  0  0]
=============
M =
[-2  3  4]
[-2  3  3]
[-1  1  2]
D =
[1 0 0]
[0 1 0]
[0 0 1]
T =
[ 1 -1 -1]
[ 0  0  0]
[ 0  0  0]
=============
M =
[ 3  3  1]
[-4 -5 -6]
[ 2  3  5]
D =
[1 0 0]
[0 1 0]
[0 0 1]
T =
[2 3 4]
[0 0 0]
[0 0 0]
=============
M =
[ 3 -1 -5]
[-3  0  4]
[ 4 -1 -6]
D =
[-1  0  0]
[ 0 -1  0]
[ 0  0 -1]
T =
[ 1  0 -1]
[ 0  0  0]
[ 0  0  0]
------------------------ New data for 2022/05/20 04:49:25 ------------------------
=============
M =
[-7  0  8]
[ 0  5  8]
[-2 -2 -1]
D =
[ 1  0  0]
[ 0 -1  0]
[ 0  0 -3]
T =
[ 1 -2 -4]
[ 1 -1 -3]
[ 2 -1 -4]
=============
M =
[-1 -8 -8]
[ 2 -5 -2]
[-2  8  5]
D =
[ 3  0  0]
[ 0 -1  0]
[ 0  0 -3]
T =
[0 1 1]
[1 2 2]
[1 0 1]
=============
M =
[ 5  4  4]
[-2  3  4]
[ 0 -4 -5]
D =
[ 3  0  0]
[ 0  1  0]
[ 0  0 -1]
T =
[1 1 1]
[1 2 2]
[1 3 4]
=============
M =
[-1 -2  4]
[-2  2  2]
[ 4 -8 -1]
D =
[ 3  0  0]
[ 0 -1  0]
[ 0  0 -2]
T =
[ 1 -2  0]
[ 1 -2 -1]
[ 2 -3 -2]
=============
M =
[ 7  8 -4]
[-2 -1  2]
[ 2  4  1]
D =
[3 0 0]
[0 3 0]
[0 0 1]
T =
[ 1  2  0]
[ 1  0 -2]
[ 1  2 -1]
=============
M =
[-3 -8  2]
[ 2  7 -2]
[ 4  8 -1]
D =
[ 3  0  0]
[ 0  1  0]
[ 0  0 -1]
T =
[ 0  2 -1]
[ 1  0  1]
[ 1  1  0]
=============
M =
[ 2 -2  2]
[ 3 -3  2]
[ 3 -4  3]
D =
[ 2  0  0]
[ 0  1  0]
[ 0  0 -1]
T =
[ 1 -2  2]
[ 0  1 -1]
[ 1 -1  0]
=============
M =
[ 1 -6  6]
[-3  4  9]
[ 2 -4 -3]
D =
[ 3  0  0]
[ 0  1  0]
[ 0  0 -2]
T =
[ 1 -2 -2]
[ 1 -2 -3]
[ 1 -1 -3]
=============
M =
[ 3 -8  4]
[ 2 -5  2]
[ 2 -4  1]
D =
[ 1  0  0]
[ 0 -1  0]
[ 0  0 -1]
T =
[ 1 -2  1]
[ 1 -2  0]
[ 1  0 -2]
=============
M =
[-7 -8  8]
[ 6  7 -6]
[-4 -4  5]
D =
[3 0 0]
[0 1 0]
[0 0 1]
T =
[ 1  1 -1]
[ 3  4  0]
[ 1  0 -2]
=============
M =
[ 5 -2  8]
[ 4 -1  8]
[-4  4 -1]
D =
[ 3  0  0]
[ 0  1  0]
[ 0  0 -1]
T =
[ 2 -3 -2]
[ 1 -1  0]
[ 2 -2  1]
=============
M =
[ 1 -6  6]
[-2  7 -4]
[-2  9 -6]
D =
[ 3  0  0]
[ 0  1  0]
[ 0  0 -2]
T =
[ 1 -3  2]
[ 1 -2  2]
[ 0  1 -1]
=============
M =
[ 3 -2  6]
[-2  3 -6]
[-2  2 -5]
D =
[ 1  0  0]
[ 0  1  0]
[ 0  0 -1]
T =
[ 1  1  0]
[ 1  0  1]
[ 1 -1  3]
=============
M =
[ 7  8 -4]
[-6 -7  4]
[-6 -6  3]
D =
[ 3  0  0]
[ 0  1  0]
[ 0  0 -1]
T =
[ 3  3 -1]
[ 1  1  0]
[ 0  1 -1]
=============
M =
[ 8 -7 -4]
[ 6 -7  0]
[ 3 -5  3]
D =
[ 3  0  0]
[ 0  2  0]
[ 0  0 -1]
T =
[ 0  1 -2]
[ 1 -3  4]
[ 1 -2  1]
=============
M =
[-1  6 -6]
[ 2  3 -2]
[ 2  6 -5]
D =
[ 1  0  0]
[ 0 -1  0]
[ 0  0 -3]
T =
[ 1  3 -2]
[ 1  3 -3]
[ 0  1 -1]
=============
M =
[ 5 -4  8]
[-2  1 -2]
[-2  4 -5]
D =
[ 3  0  0]
[ 0  1  0]
[ 0  0 -3]
T =
[ 1  0  1]
[ 1  1  1]
[ 0  1 -1]
=============
M =
[-1 -2 -2]
[-2 -1 -2]
[ 2  2  3]
D =
[ 1  0  0]
[ 0  1  0]
[ 0  0 -1]
T =
[ 1 -1  0]
[ 1  0  1]
[ 1  1  1]
=============
M =
[-2 -8  8]
[-3 -6  7]
[-3 -8  9]
D =
[ 2  0  0]
[ 0  1  0]
[ 0  0 -2]
T =
[ 0  1 -1]
[ 1  0 -1]
[ 1  2 -2]
=============
M =
[ 4  4  6]
[-3 -3 -6]
[ 1  2  5]
D =
[3 0 0]
[0 2 0]
[0 0 1]
T =
[ 0  1  3]
[ 1  0 -2]
[ 1  1  0]
=============
M =
[-5  8 -4]
[-2  5 -4]
[-2  2 -1]
D =
[ 3  0  0]
[ 0 -1  0]
[ 0  0 -3]
T =
[ 0  1 -1]
[ 1 -1 -1]
[ 1 -1  0]
=============
M =
[ 2  3  6]
[ 2  1  4]
[-3  3 -1]
D =
[ 2  0  0]
[ 0  1  0]
[ 0  0 -1]
T =
[ 1 -3 -2]
[ 1 -2 -1]
[ 2 -3  0]
=============
M =
[-3  2 -8]
[-4  3 -8]
[ 2 -2  3]
D =
[ 3  0  0]
[ 0  1  0]
[ 0  0 -1]
T =
[ 1 -1  1]
[ 1 -1  0]
[ 0  1  2]
=============
M =
[ 5 -4 -2]
[ 4 -3  4]
[ 1 -1 -4]
D =
[ 1  0  0]
[ 0 -1  0]
[ 0  0 -2]
T =
[ 4 -3 -4]
[ 1 -1 -2]
[ 1 -1 -3]
=============
M =
[ 4  5 -2]
[-6 -5  0]
[-6 -2 -3]
D =
[ 1  0  0]
[ 0 -2  0]
[ 0  0 -3]
T =
[ 2  2 -1]
[ 1  3 -2]
[ 0  1 -1]
=============
M =
[ 1  0  2]
[-1 -1  5]
[-1 -2  6]
D =
[3 0 0]
[0 2 0]
[0 0 1]
T =
[ 1  2 -4]
[ 1  2 -3]
[ 0  1 -1]
=============
M =
[ 3 -4 -4]
[-5 -1  1]
[ 5  2  0]
D =
[ 3  0  0]
[ 0  1  0]
[ 0  0 -2]
T =
[ 1 -2 -2]
[ 0  1  1]
[ 1  2  1]
=============
M =
[-7  2 -6]
[-6  1 -6]
[ 6 -2  5]
D =
[ 1  0  0]
[ 0 -1  0]
[ 0  0 -1]
T =
[ 3 -1  3]
[ 1 -1  0]
[ 1  0  1]
=============
M =
[ 3  1  1]
[-8  6  8]
[ 6 -6 -8]
D =
[ 2  0  0]
[ 0  1  0]
[ 0  0 -2]
T =
[2 1 1]
[1 1 1]
[0 3 4]
=============
M =
[-6 -8 -6]
[-2  0 -3]
[ 6  6  7]
D =
[ 2  0  0]
[ 0  1  0]
[ 0  0 -2]
T =
[2 1 3]
[2 2 3]
[1 1 1]
=============
M =
[ 7 -6  8]
[ 4 -3  8]
[ 1 -1  3]
D =
[3 0 0]
[0 3 0]
[0 0 1]
T =
[ 1 -1  0]
[ 0  0  0]
[ 0  1 -4]
=============
M =
[-2  3  7]
[ 3 -2 -5]
[-2  2  5]
D =
[ 1  0  0]
[ 0  1  0]
[ 0  0 -1]
T =
[ 1 -1 -3]
[ 0  0  0]
[ 1 -1 -2]
=============
M =
[ 1 -4 -4]
[ 4 -7 -8]
[-3  4  5]
D =
[ 1  0  0]
[ 0 -1  0]
[ 0  0 -1]
T =
[ 2 -3 -4]
[ 1 -2 -2]
[ 0  0  0]
=============
M =
[ 4 -1 -4]
[-3  2  4]
[ 3 -1 -3]
D =
[1 0 0]
[0 1 0]
[0 0 1]
T =
[ 1  1  0]
[ 1  0 -1]
[ 0  0  0]
=============
M =
[-7  4  0]
[-5  3  2]
[ 3 -2 -1]
D =
[-1  0  0]
[ 0 -1  0]
[ 0  0 -3]
T =
[ 1  0  2]
[ 0  0  0]
[ 2 -1  1]
=============
M =
[ 9  6 -4]
[-8 -5  4]
[ 4  3 -1]
D =
[1 0 0]
[0 1 0]
[0 0 1]
T =
[ 1  1  0]
[ 1  0 -2]
[ 0  0  0]
=============
M =
[ 5 -4  4]
[ 9 -7  4]
[-3  2 -5]
D =
[-1  0  0]
[ 0 -3  0]
[ 0  0 -3]
T =
[ 2 -1  1]
[ 3 -2  2]
[ 0  0  0]
=============
M =
[-5  2  2]
[-3  2  1]
[-6  8  0]
D =
[ 1  0  0]
[ 0 -2  0]
[ 0  0 -2]
T =
[ 1 -2  0]
[ 0  2 -1]
[ 0  0  0]
=============
M =
[-3 -2  4]
[ 4  3 -4]
[-2 -1  3]
D =
[1 0 0]
[0 1 0]
[0 0 1]
T =
[ 1  1  0]
[ 1  0 -2]
[ 0  0  0]
=============
M =
[-9  2 -8]
[-6 -1 -8]
[ 5 -1  5]
D =
[ 1  0  0]
[ 0 -3  0]
[ 0  0 -3]
T =
[ 1  0  2]
[ 1 -1  0]
[ 0  0  0]
=============
M =
[-3  2  4]
[-4  3  4]
[-2  1  3]
D =
[1 0 0]
[0 1 0]
[0 0 1]
T =
[ 1 -1  0]
[ 1  0 -2]
[ 0  0  0]
=============
M =
[ 2  3 -3]
[-2 -3  2]
[ 1  1 -2]
D =
[-1  0  0]
[ 0 -1  0]
[ 0  0 -1]
T =
[ 2  3  0]
[ 1  0 -3]
[ 0  0  0]
=============
M =
[-1 -2  5]
[ 2  3 -4]
[-1 -1  3]
D =
[2 0 0]
[0 2 0]
[0 0 1]
T =
[ 1  1 -1]
[ 0  0  0]
[ 0  1  2]
=============
M =
[-5 -2  2]
[ 6  2 -3]
[-2 -1  0]
D =
[-1  0  0]
[ 0 -1  0]
[ 0  0 -1]
T =
[ 3  2  0]
[ 1  0 -2]
[ 0  0  0]
=============
M =
[ 1 -1  2]
[ 4  3 -4]
[ 0  3 -5]
D =
[ 1  0  0]
[ 0 -1  0]
[ 0  0 -1]
T =
[ 3  0  1]
[ 2 -1  2]
[ 0  0  0]
=============
M =
[-7 -8 -4]
[ 6  7  3]
[ 4  4  3]
D =
[1 0 0]
[0 1 0]
[0 0 1]
T =
[3 4 0]
[1 0 2]
[0 0 0]
=============
M =
[-3  4 -4]
[ 1 -3  2]
[ 2 -4  3]
D =
[-1  0  0]
[ 0 -1  0]
[ 0  0 -1]
T =
[1 2 0]
[1 0 1]
[0 0 0]
=============
M =
[ 5  4 -6]
[-6 -5  5]
[ 4  4 -5]
D =
[ 1  0  0]
[ 0 -3  0]
[ 0  0 -3]
T =
[ 1  0 -1]
[ 2  2 -1]
[ 0  0  0]
=============
M =
[-2  2 -3]
[ 2 -5 -6]
[-1  2  0]
D =
[-1  0  0]
[ 0 -3  0]
[ 0  0 -3]
T =
[ 1 -1 -3]
[ 1 -2 -3]
[ 0  0  0]
=============
M =
[-3  6 -7]
[-3  8  3]
[ 1 -3 -2]
D =
[ 2  0  0]
[ 0  2  0]
[ 0  0 -1]
T =
[ 1 -3 -4]
[ 0  0  0]
[ 0  1  3]
=============
M =
[-7 -5 -1]
[ 8  6  1]
[-6 -6 -2]
D =
[ 1  0  0]
[ 0 -2  0]
[ 0  0 -2]
T =
[1 1 0]
[2 2 1]
[0 0 0]
=============
M =
[ 3 -3 -1]
[ 2 -2 -1]
[-2  3  2]
D =
[1 0 0]
[0 1 0]
[0 0 1]
T =
[ 1 -1  0]
[ 1  0  1]
[ 0  0  0]
=============
M =
[-1 -1  3]
[ 4 -6  9]
[ 2 -2  2]
D =
[-1  0  0]
[ 0 -2  0]
[ 0  0 -2]
T =
[ 1 -1  2]
[ 2 -2  3]
[ 0  0  0]
=============
M =
[ 8 -4  7]
[ 9 -3  9]
[ 1  0  2]
D =
[3 0 0]
[0 3 0]
[0 0 1]
T =
[ 3 -2  3]
[ 0  0  0]
[ 1 -1  2]
=============
M =
[ 0 -3 -4]
[-1  2  4]
[ 1 -3 -5]
D =
[-1  0  0]
[ 0 -1  0]
[ 0  0 -1]
T =
[ 1  1  0]
[ 1  0 -1]
[ 0  0  0]
=============
M =
[ 7 -8 -4]
[ 8 -9 -4]
[ 6 -5 -5]
D =
[-1  0  0]
[ 0 -3  0]
[ 0  0 -3]
T =
[ 1 -1  0]
[ 2 -1 -2]
[ 0  0  0]
=============
M =
[ 3 -4  4]
[ 3 -5  6]
[ 2 -4  5]
D =
[1 0 0]
[0 1 0]
[0 0 1]
T =
[ 3 -2  0]
[ 1  0 -1]
[ 0  0  0]
=============
M =
[-4  3  6]
[ 1 -2 -2]
[-2  2  3]
D =
[-1  0  0]
[ 0 -1  0]
[ 0  0 -1]
T =
[ 1  3  0]
[ 2  0 -3]
[ 0  0  0]
=============
M =
[ 0  3 -2]
[-4  4 -8]
[-4  3 -7]
D =
[ 1  0  0]
[ 0 -2  0]
[ 0  0 -2]
T =
[ 0  1 -1]
[ 2 -3  4]
[ 0  0  0]
=============
M =
[ 2 -1 -4]
[ 6 -3 -8]
[ 3 -1  4]
D =
[ 2  0  0]
[ 0  2  0]
[ 0  0 -1]
T =
[ 3 -1  2]
[ 0  0  0]
[ 2 -1  0]
=============
M =
[-3 -2 -1]
[ 4  3  1]
[ 8  4  3]
D =
[1 0 0]
[0 1 0]
[0 0 1]
T =
[1 1 0]
[2 0 1]
[0 0 0]
=============
M =
[ 5 -8  8]
[ 3 -5  6]
[ 1 -2  3]
D =
[1 0 0]
[0 1 0]
[0 0 1]
T =
[ 3 -4  0]
[ 1  0 -4]
[ 0  0  0]
=============
M =
[-1 -1 -1]
[-4  2  4]
[ 8  1 -1]
D =
[ 1  0  0]
[ 0  1  0]
[ 0  0 -2]
T =
[2 1 1]
[0 0 0]
[4 1 0]
=============
M =
[ 3 -4  0]
[ 3 -5 -1]
[-4  8  3]
D =
[ 1  0  0]
[ 0  1  0]
[ 0  0 -1]
T =
[ 1 -2 -1]
[ 0  0  0]
[ 2 -4 -1]
=============
M =
[ 2 -2  1]
[ 0 -1 -3]
[-3  2 -4]
D =
[-1  0  0]
[ 0 -1  0]
[ 0  0 -1]
T =
[ 3 -2  3]
[ 0  0  0]
[ 0  0  0]
=============
M =
[ 0  1 -1]
[ 1  0 -3]
[ 1  1 -3]
D =
[-1  0  0]
[ 0 -1  0]
[ 0  0 -1]
T =
[ 1  1 -2]
[ 0  0  0]
[ 0  0  0]
=============
M =
[ 2 -2  5]
[-1 -1 -1]
[-2  1 -4]
D =
[-1  0  0]
[ 0 -1  0]
[ 0  0 -1]
T =
[ 1 -1  2]
[ 0  0  0]
[ 0  0  0]
=============
M =
[-3 -2  5]
[ 4  3 -9]
[ 1  1 -3]
D =
[-1  0  0]
[ 0 -1  0]
[ 0  0 -1]
T =
[ 1  1 -2]
[ 0  0  0]
[ 0  0  0]
=============
M =
[-8 -5  4]
[ 7  4 -4]
[-3 -2  1]
D =
[-1  0  0]
[ 0 -1  0]
[ 0  0 -1]
T =
[1 1 0]
[0 0 0]
[0 0 0]
=============
M =
[-2 -5  7]
[ 3  5 -5]
[ 1  1  0]
D =
[1 0 0]
[0 1 0]
[0 0 1]
T =
[ 1  2 -3]
[ 0  0  0]
[ 0  0  0]
=============
M =
[ 2 -1 -5]
[-1  1  3]
[ 1  1  0]
D =
[1 0 0]
[0 1 0]
[0 0 1]
T =
[1 2 1]
[0 0 0]
[0 0 0]
=============
M =
[-7 -8 -8]
[ 3  3  4]
[ 1  1  1]
D =
[-1  0  0]
[ 0 -1  0]
[ 0  0 -1]
T =
[1 2 0]
[0 0 0]
[0 0 0]
=============
M =
[ 3 -5  1]
[ 1 -1  0]
[ 1 -2  1]
D =
[1 0 0]
[0 1 0]
[0 0 1]
T =
[ 0  1 -1]
[ 0  0  0]
[ 0  0  0]
=============
M =
[-3 -2  7]
[ 0 -3  2]
[-2  1  3]
D =
[-1  0  0]
[ 0 -1  0]
[ 0  0 -1]
T =
[ 2 -3 -2]
[ 0  0  0]
[ 0  0  0]
=============
M =
[ 2 -3  6]
[ 3 -5  5]
[ 1 -2  0]
D =
[-1  0  0]
[ 0 -1  0]
[ 0  0 -1]
T =
[ 2 -3  3]
[ 0  0  0]
[ 0  0  0]
=============
M =
[ 3 -8 -3]
[ 0 -1 -2]
[-2  5  1]
D =
[1 0 0]
[0 1 0]
[0 0 1]
T =
[ 2 -3  2]
[ 0  0  0]
[ 0  0  0]
=============
M =
[-5 -6  1]
[ 4  5 -2]
[ 2  3 -3]
D =
[-1  0  0]
[ 0 -1  0]
[ 0  0 -1]
T =
[ 2  3 -2]
[ 0  0  0]
[ 0  0  0]
=============
M =
[-7  6 -3]
[-8  7 -4]
[ 0  1 -3]
D =
[-1  0  0]
[ 0 -1  0]
[ 0  0 -1]
T =
[ 4 -3  0]
[ 0  0  0]
[ 0  0  0]
=============
M =
[-2 -1  1]
[ 3  1 -2]
[ 2  1 -2]
D =
[-1  0  0]
[ 0 -1  0]
[ 0  0 -1]
T =
[ 1  1 -1]
[ 0  0  0]
[ 0  0  0]
=============
M =
[-2 -4 -7]
[ 1  2  3]
[ 0 -1  3]
D =
[1 0 0]
[0 1 0]
[0 0 1]
T =
[ 1  3 -1]
[ 0  0  0]
[ 0  0  0]
=============
M =
[-4 -6  5]
[ 2  3 -3]
[ 1  2 -2]
D =
[-1  0  0]
[ 0 -1  0]
[ 0  0 -1]
T =
[ 1  2 -1]
[ 0  0  0]
[ 0  0  0]
=============
M =
[ 3  1  1]
[-3  1 -6]
[-1  0 -1]
D =
[1 0 0]
[0 1 0]
[0 0 1]
T =
[ 0  1 -3]
[ 0  0  0]
[ 0  0  0]
=============
M =
[ 2  1  4]
[ 1  2  4]
[-1  0 -1]
D =
[1 0 0]
[0 1 0]
[0 0 1]
T =
[ 1 -1  0]
[ 0  0  0]
[ 0  0  0]
=============
M =
[ 2  1  3]
[ 1  3  5]
[-1 -1 -2]
D =
[1 0 0]
[0 1 0]
[0 0 1]
T =
[1 0 1]
[0 0 0]
[0 0 0]
=============
M =
[ 3  1  7]
[ 3  1  6]
[-1  0 -1]
D =
[1 0 0]
[0 1 0]
[0 0 1]
T =
[0 1 3]
[0 0 0]
[0 0 0]
=============
M =
[-5 -6  2]
[ 3  4 -1]
[-8 -7  4]
D =
[1 0 0]
[0 1 0]
[0 0 1]
T =
[1 2 0]
[0 0 0]
[0 0 0]
=============
M =
[ 6 -7  2]
[ 3 -2  3]
[-2  2 -1]
D =
[1 0 0]
[0 1 0]
[0 0 1]
T =
[0 2 3]
[0 0 0]
[0 0 0]
=============
M =
[ 5 -5 -1]
[ 4 -4 -1]
[-3  4  2]
D =
[1 0 0]
[0 1 0]
[0 0 1]
T =
[ 1 -1  0]
[ 0  0  0]
[ 0  0  0]
=============
M =
[ 2  1  1]
[ 0  2  1]
[-1 -2 -1]
D =
[1 0 0]
[0 1 0]
[0 0 1]
T =
[1 1 1]
[0 0 0]
[0 0 0]
=============
M =
[ 5 -2 -3]
[ 4 -1 -2]
[ 2 -1 -1]
D =
[1 0 0]
[0 1 0]
[0 0 1]
T =
[ 2 -1 -2]
[ 0  0  0]
[ 0  0  0]
=============
M =
[ 3  1  8]
[ 1  2  5]
[-1  0 -2]
D =
[1 0 0]
[0 1 0]
[0 0 1]
T =
[ 1 -1  1]
[ 0  0  0]
[ 0  0  0]
=============
M =
[ 3  4 -4]
[ 0  2 -1]
[ 1  3 -2]
D =
[1 0 0]
[0 1 0]
[0 0 1]
T =
[ 1  2 -2]
[ 0  0  0]
[ 0  0  0]
=============
M =
[-5  9  9]
[ 1  0 -1]
[-5  7  8]
D =
[1 0 0]
[0 1 0]
[0 0 1]
T =
[ 2 -3 -3]
[ 0  0  0]
[ 0  0  0]
=============
M =
[ 3  2 -2]
[-2 -2  5]
[-1 -1  2]
D =
[1 0 0]
[0 1 0]
[0 0 1]
T =
[1 0 2]
[0 0 0]
[0 0 0]
=============
M =
[-4 -1  6]
[ 3 -1 -9]
[-1  0  2]
D =
[-1  0  0]
[ 0 -1  0]
[ 0  0 -1]
T =
[0 1 3]
[0 0 0]
[0 0 0]
=============
M =
[-3  1 -2]
[-9  2 -9]
[-1  0 -2]
D =
[-1  0  0]
[ 0 -1  0]
[ 0  0 -1]
T =
[ 3 -1  3]
[ 0  0  0]
[ 0  0  0]
=============
M =
[ 3  7 -2]
[-2 -3 -1]
[ 0 -2  3]
D =
[1 0 0]
[0 1 0]
[0 0 1]
T =
[2 2 3]
[0 0 0]
[0 0 0]
------------------------ New data for 2022/05/22 16:26:02 ------------------------
=============
M =
[-6  2 -2]
[-8  2 -4]
[ 2 -1 -1]
D =
[-1  0  0]
[ 0 -2  0]
[ 0  0 -2]
T =
[ 2 -1  1]
[ 2 -1  0]
[ 1  0  2]
=============
M =
[-2  3  3]
[-1  2  3]
[ 1 -3 -4]
D =
[-1  0  0]
[ 0 -1  0]
[ 0  0 -2]
T =
[ 1 -1  0]
[ 1  0  1]
[ 1 -3 -3]
=============
M =
[ 1 -4 -4]
[-4  5  8]
[ 4 -6 -9]
D =
[ 1  0  0]
[ 0 -1  0]
[ 0  0 -3]
T =
[ 1 -2 -2]
[ 0  1  1]
[ 1 -1 -2]
=============
M =
[-4  6 -6]
[-6  8 -6]
[-3  3 -1]
D =
[ 2  0  0]
[ 0  2  0]
[ 0  0 -1]
T =
[ 1 -1  0]
[ 1  0 -2]
[ 1 -1  1]
=============
M =
[ 8  5 -5]
[-9 -8  9]
[ 1 -1  2]
D =
[ 3  0  0]
[ 0  1  0]
[ 0  0 -2]
T =
[ 2  1 -1]
[ 3  2 -3]
[ 1  1 -1]
=============
M =
[ 0  1  3]
[ 4  0  6]
[ 2 -1 -1]
D =
[ 2  0  0]
[ 0 -1  0]
[ 0  0 -2]
T =
[ 1  0  1]
[ 2 -1  1]
[ 2 -1  0]
=============
M =
[-3  4 -4]
[ 4 -3  4]
[ 4 -4  5]
D =
[ 1  0  0]
[ 0  1  0]
[ 0  0 -3]
T =
[ 1  1  0]
[ 1  0  1]
[ 1 -1  1]
=============
M =
[-6  9 -3]
[-1  4  3]
[ 3 -3  4]
D =
[ 3  0  0]
[ 0  1  0]
[ 0  0 -2]
T =
[ 1  0  3]
[ 1 -1  2]
[ 1 -1  1]
=============
M =
[ 7  4 -4]
[-6 -3  0]
[ 6  4 -7]
D =
[ 1  0  0]
[ 0 -1  0]
[ 0  0 -3]
T =
[ 2  1 -1]
[ 3  2 -2]
[ 3  2 -3]
=============
M =
[-4  1 -3]
[ 3 -6  9]
[-3 -7  8]
D =
[ 2  0  0]
[ 0 -1  0]
[ 0  0 -3]
T =
[ 1  1 -1]
[ 3  2 -1]
[ 3  1  0]
=============
M =
[-5  4 -4]
[-4  3 -4]
[ 2 -2  1]
D =
[ 1  0  0]
[ 0 -1  0]
[ 0  0 -1]
T =
[ 1 -1  1]
[ 1 -1  0]
[ 1  0  2]
=============
M =
[-7 -4 -8]
[ 2 -1  4]
[ 2  2  1]
D =
[-1  0  0]
[ 0 -3  0]
[ 0  0 -3]
T =
[1 1 2]
[1 2 0]
[1 0 2]
=============
M =
[-7 -4 -8]
[ 8  5  8]
[ 2  2 -1]
D =
[ 1  0  0]
[ 0 -1  0]
[ 0  0 -3]
T =
[ 1  1  0]
[ 1  1 -1]
[ 0  1 -4]
=============
M =
[ 5 -5  6]
[ 6 -6  6]
[-4  3 -5]
D =
[-1  0  0]
[ 0 -2  0]
[ 0  0 -3]
T =
[ 1 -1  0]
[ 2 -1  2]
[ 3 -2  3]
=============
M =
[ 1  2 -2]
[ 3 -4  3]
[ 4 -8  7]
D =
[ 3  0  0]
[ 0  2  0]
[ 0  0 -1]
T =
[ 1 -2  2]
[ 1 -1  1]
[ 1 -2  1]
=============
M =
[-3 -6 -6]
[ 2  5  2]
[ 2  2  5]
D =
[3 0 0]
[0 3 0]
[0 0 1]
T =
[1 3 0]
[1 0 3]
[1 1 1]
=============
M =
[ 5  4  4]
[-4 -3 -4]
[ 2  2  3]
D =
[3 0 0]
[0 1 0]
[0 0 1]
T =
[ 1  1  1]
[ 1  1  0]
[ 1  0 -2]
=============
M =
[-7 -6 -6]
[ 6  5  6]
[ 3  3  2]
D =
[ 2  0  0]
[ 0 -1  0]
[ 0  0 -1]
T =
[1 1 1]
[1 1 0]
[1 0 2]
=============
M =
[ 5 -4 -4]
[ 1 -6  2]
[ 2 -6  1]
D =
[ 2  0  0]
[ 0  1  0]
[ 0  0 -3]
T =
[ 1  1 -2]
[ 1  2 -3]
[ 0  2 -1]
=============
M =
[ 5  1 -6]
[ 4  2 -6]
[ 0  2 -1]
D =
[3 0 0]
[0 2 0]
[0 0 1]
T =
[ 4 -2 -3]
[ 4 -3 -2]
[ 1 -1  0]
=============
M =
[ 1 -1 -2]
[-8 -6 -6]
[ 4  4  5]
D =
[ 2  0  0]
[ 0  1  0]
[ 0  0 -3]
T =
[0 1 2]
[1 1 2]
[1 1 1]
=============
M =
[ 1  4 -4]
[-4  3 -6]
[-4  1 -4]
D =
[ 2  0  0]
[ 0  1  0]
[ 0  0 -3]
T =
[ 0  1 -1]
[ 1 -4  4]
[ 1 -1  2]
=============
M =
[-2 -1 -1]
[ 4  6  4]
[-4 -7 -5]
D =
[ 2  0  0]
[ 0 -1  0]
[ 0  0 -2]
T =
[1 2 1]
[0 1 1]
[1 1 1]
=============
M =
[ 1 -6 -9]
[-2  1  5]
[ 2 -4 -8]
D =
[-1  0  0]
[ 0 -2  0]
[ 0  0 -3]
T =
[ 1 -1 -2]
[ 2  0 -3]
[ 0  1  1]
=============
M =
[-1  6  6]
[ 2  3  6]
[-2 -6 -9]
D =
[-1  0  0]
[ 0 -3  0]
[ 0  0 -3]
T =
[ 1  3  3]
[ 1 -1  0]
[ 1  0  1]
=============
M =
[ 5  6 -6]
[-6 -7  6]
[-2 -2  1]
D =
[ 1  0  0]
[ 0 -1  0]
[ 0  0 -1]
T =
[ 1  1 -1]
[ 1  1  0]
[ 1  0  3]
=============
M =
[-1 -2  2]
[ 2  3 -2]
[ 2  2 -1]
D =
[ 1  0  0]
[ 0  1  0]
[ 0  0 -1]
T =
[ 1  1  0]
[ 1  0  1]
[ 1  1 -1]
=============
M =
[ 2 -3  3]
[ 3 -4  3]
[-1  1 -2]
D =
[-1  0  0]
[ 0 -1  0]
[ 0  0 -2]
T =
[ 1 -1  0]
[ 1  0  3]
[ 1 -1  1]
=============
M =
[ 9 -6  6]
[ 6 -3  6]
[-2  2  1]
D =
[3 0 0]
[0 3 0]
[0 0 1]
T =
[ 1 -1  0]
[ 1  0  3]
[ 1 -1  1]
=============
M =
[-5 -1  3]
[ 2 -2 -3]
[-2  4  5]
D =
[ 2  0  0]
[ 0 -1  0]
[ 0  0 -3]
T =
[0 1 1]
[1 3 1]
[1 1 0]
=============
M =
[-1  8  8]
[-1  7  7]
[ 0 -4 -5]
D =
[ 1  0  0]
[ 0  1  0]
[ 0  0 -1]
T =
[ 1 -2 -1]
[ 0  0  0]
[ 1  0  2]
=============
M =
[-1  1 -1]
[-4  0  3]
[-4  1  2]
D =
[ 3  0  0]
[ 0 -1  0]
[ 0  0 -1]
T =
[ 1  0 -1]
[ 0  1 -1]
[ 0  0  0]
=============
M =
[ 3  4  0]
[ 2 -8  9]
[ 1 -8  8]
D =
[ 2  0  0]
[ 0  2  0]
[ 0  0 -1]
T =
[ 1 -2  3]
[ 0  0  0]
[ 1 -4  4]
=============
M =
[ 5 -4  4]
[ 6 -5  4]
[-3  2 -3]
D =
[-1  0  0]
[ 0 -1  0]
[ 0  0 -1]
T =
[ 1 -1  0]
[ 1  0  2]
[ 0  0  0]
=============
M =
[-5 -2  4]
[ 4  1 -4]
[-2 -1  1]
D =
[-1  0  0]
[ 0 -1  0]
[ 0  0 -1]
T =
[ 1  1  0]
[ 1  0 -2]
[ 0  0  0]
=============
M =
[ 5  8  7]
[-6 -5 -5]
[ 4  0  1]
D =
[ 3  0  0]
[ 0 -1  0]
[ 0  0 -1]
T =
[1 1 1]
[2 4 3]
[0 0 0]
=============
M =
[ 0  6 -7]
[-3 -8  6]
[-2 -6  5]
D =
[ 1  0  0]
[ 0 -2  0]
[ 0  0 -2]
T =
[ 0  2 -3]
[ 1  0  1]
[ 0  0  0]
=============
M =
[ 1 -3 -3]
[-3  2  4]
[ 3 -4 -6]
D =
[ 1  0  0]
[ 0 -2  0]
[ 0  0 -2]
T =
[ 1 -1 -1]
[ 0  1  1]
[ 0  0  0]
=============
M =
[-2  9  9]
[ 1 -2 -1]
[-2  6  5]
D =
[ 1  0  0]
[ 0  1  0]
[ 0  0 -1]
T =
[ 1 -3 -3]
[ 0  0  0]
[ 1 -3 -2]
=============
M =
[ 1  8 -8]
[ 1 -1  2]
[ 1 -4  5]
D =
[3 0 0]
[0 1 0]
[0 0 1]
T =
[ 0  1 -1]
[ 1 -4  4]
[ 0  0  0]
=============
M =
[-2 -1 -1]
[ 8 -9 -8]
[-7  5  4]
D =
[-1  0  0]
[ 0 -3  0]
[ 0  0 -3]
T =
[ 4 -3 -4]
[ 1 -1 -1]
[ 0  0  0]
=============
M =
[ 1  1 -1]
[-7 -5  5]
[-2 -1  0]
D =
[-1  0  0]
[ 0 -1  0]
[ 0  0 -2]
T =
[ 1  0  1]
[ 0  0  0]
[ 1  1 -2]
=============
M =
[ 1  1 -1]
[ 2  0 -1]
[ 6 -5  4]
D =
[ 3  0  0]
[ 0  3  0]
[ 0  0 -1]
T =
[ 2 -1  1]
[ 0  0  0]
[ 1 -1  0]
=============
M =
[ 6  9 -7]
[-3 -5  6]
[-1 -2  3]
D =
[2 0 0]
[0 1 0]
[0 0 1]
T =
[ 1  1  1]
[ 0  1 -3]
[ 0  0  0]
=============
M =
[ 2  1  3]
[ 2  1  2]
[-1  1  2]
D =
[3 0 0]
[0 1 0]
[0 0 1]
T =
[ 0  1  2]
[ 1 -1 -1]
[ 0  0  0]
=============
M =
[-2 -5 -4]
[ 5  8  4]
[-2 -2  1]
D =
[3 0 0]
[0 3 0]
[0 0 1]
T =
[1 1 0]
[0 0 0]
[1 1 1]
=============
M =
[ 6  7  8]
[-7 -8 -8]
[ 4  4  3]
D =
[ 3  0  0]
[ 0 -1  0]
[ 0  0 -1]
T =
[1 1 1]
[1 1 0]
[0 0 0]
=============
M =
[-5  4  2]
[-3  3  1]
[-4  8 -3]
D =
[ 1  0  0]
[ 0 -3  0]
[ 0  0 -3]
T =
[ 1 -2  0]
[ 1 -2  1]
[ 0  0  0]
=============
M =
[ 4  3  3]
[-6 -5 -2]
[-2 -1 -3]
D =
[-1  0  0]
[ 0 -1  0]
[ 0  0 -2]
T =
[2 1 2]
[0 0 0]
[1 0 3]
=============
M =
[-3  2  2]
[-6  4  3]
[-2  1  2]
D =
[1 0 0]
[0 1 0]
[0 0 1]
T =
[ 3 -2  0]
[ 1  0 -2]
[ 0  0  0]
=============
M =
[ 2  3 -2]
[-1 -2  2]
[-1 -1  1]
D =
[ 1  0  0]
[ 0  1  0]
[ 0  0 -1]
T =
[ 1  1  0]
[ 0  0  0]
[ 0  1 -1]
=============
M =
[-6 -8 -1]
[ 4  5  0]
[ 1  0 -4]
D =
[-1  0  0]
[ 0 -1  0]
[ 0  0 -3]
T =
[ 3  4 -1]
[ 0  0  0]
[ 1  1 -1]
=============
M =
[-4 -5 -2]
[-1  0 -1]
[ 6  6  4]
D =
[ 1  0  0]
[ 0  1  0]
[ 0  0 -2]
T =
[1 1 1]
[0 0 0]
[2 2 1]
=============
M =
[ 4  4 -5]
[-2 -3  2]
[ 1  0 -2]
D =
[ 1  0  0]
[ 0 -1  0]
[ 0  0 -1]
T =
[ 1  1 -1]
[ 1  2 -1]
[ 0  0  0]
=============
M =
[ 1 -1  0]
[ 4 -3 -4]
[-2  1 -5]
D =
[-1  0  0]
[ 0 -3  0]
[ 0  0 -3]
T =
[ 3 -1  1]
[ 2 -1  2]
[ 0  0  0]
=============
M =
[-2  1  1]
[ 2 -3 -2]
[-3 -1 -2]
D =
[-1  0  0]
[ 0 -3  0]
[ 0  0 -3]
T =
[2 1 0]
[1 1 1]
[0 0 0]
=============
M =
[-3 -6 -2]
[ 1  2  1]
[-1 -3 -2]
D =
[-1  0  0]
[ 0 -1  0]
[ 0  0 -1]
T =
[ 1  2  0]
[ 1  0 -2]
[ 0  0  0]
=============
M =
[-3  4 -4]
[-3  5 -8]
[-2  4 -7]
D =
[-1  0  0]
[ 0 -1  0]
[ 0  0 -3]
T =
[ 1 -2  2]
[ 0  0  0]
[ 1 -2  3]
=============
M =
[ 0  1 -1]
[-2  3 -2]
[-1  1  0]
D =
[1 0 0]
[0 1 0]
[0 0 1]
T =
[ 2 -1  0]
[ 1  0 -1]
[ 0  0  0]
=============
M =
[ 0 -2  2]
[-1  0 -2]
[-2  3 -5]
D =
[-1  0  0]
[ 0 -2  0]
[ 0  0 -2]
T =
[ 1 -1  1]
[ 1 -2  2]
[ 0  0  0]
=============
M =
[-3 -1  2]
[-8 -5  8]
[-6 -3  5]
D =
[-1  0  0]
[ 0 -1  0]
[ 0  0 -1]
T =
[ 4 -1  0]
[ 3  0 -1]
[ 0  0  0]
=============
M =
[ 5  2  9]
[ 4 -1  5]
[-4 -4 -9]
D =
[-1  0  0]
[ 0 -1  0]
[ 0  0 -3]
T =
[ 2 -2  1]
[ 0  0  0]
[ 1 -3 -1]
=============
M =
[-2  1  1]
[-2  1  2]
[ 1 -1 -2]
D =
[-1  0  0]
[ 0 -1  0]
[ 0  0 -1]
T =
[ 2 -1  0]
[ 1  0  1]
[ 0  0  0]
=============
M =
[ 2  3 -1]
[-3 -4  1]
[ 1  1 -1]
D =
[-1  0  0]
[ 0 -1  0]
[ 0  0 -1]
T =
[1 1 0]
[0 0 0]
[0 0 0]
=============
M =
[-6 -3 -2]
[ 3  1  1]
[ 7  4  2]
D =
[-1  0  0]
[ 0 -1  0]
[ 0  0 -1]
T =
[2 1 1]
[0 0 0]
[0 0 0]
=============
M =
[-1 -4  4]
[ 3  6 -5]
[ 2  3 -2]
D =
[1 0 0]
[0 1 0]
[0 0 1]
T =
[ 1  2 -2]
[ 0  0  0]
[ 0  0  0]
=============
M =
[ 0  1  1]
[ 2 -2 -3]
[-3  4  5]
D =
[1 0 0]
[0 1 0]
[0 0 1]
T =
[ 1 -1 -1]
[ 0  0  0]
[ 0  0  0]
=============
M =
[-7  5 -3]
[-2  1 -1]
[ 8 -6  3]
D =
[-1  0  0]
[ 0 -1  0]
[ 0  0 -1]
T =
[ 2 -2  1]
[ 0  0  0]
[ 0  0  0]
=============
M =
[-3 -2  0]
[ 9  7  2]
[-7 -5 -1]
D =
[1 0 0]
[0 1 0]
[0 0 1]
T =
[1 2 2]
[0 0 0]
[0 0 0]
=============
M =
[ 1  1 -2]
[ 2  0 -5]
[ 2  1 -4]
D =
[-1  0  0]
[ 0 -1  0]
[ 0  0 -1]
T =
[ 2  1 -3]
[ 0  0  0]
[ 0  0  0]
=============
M =
[ 1  7  8]
[-1 -5 -5]
[ 0  1  1]
D =
[-1  0  0]
[ 0 -1  0]
[ 0  0 -1]
T =
[1 2 1]
[0 0 0]
[0 0 0]
=============
M =
[ 3  2  1]
[-8 -5 -2]
[ 2  1 -1]
D =
[-1  0  0]
[ 0 -1  0]
[ 0  0 -1]
T =
[2 1 0]
[0 0 0]
[0 0 0]
=============
M =
[-1  2  3]
[ 0  1 -1]
[-1  1  3]
D =
[1 0 0]
[0 1 0]
[0 0 1]
T =
[ 1 -1 -2]
[ 0  0  0]
[ 0  0  0]
=============
M =
[ 1 -1  0]
[ 3 -2  1]
[-1  0 -2]
D =
[-1  0  0]
[ 0 -1  0]
[ 0  0 -1]
T =
[ 1 -1 -1]
[ 0  0  0]
[ 0  0  0]
=============
M =
[ 2 -7  9]
[ 1 -6  9]
[ 1 -5  7]
D =
[1 0 0]
[0 1 0]
[0 0 1]
T =
[ 1 -1  0]
[ 0  0  0]
[ 0  0  0]
=============
M =
[ 0  2 -3]
[ 1 -2  4]
[ 1 -3  5]
D =
[1 0 0]
[0 1 0]
[0 0 1]
T =
[ 0  1 -1]
[ 0  0  0]
[ 0  0  0]
=============
M =
[-1 -8  2]
[ 1  1 -3]
[-1 -2  3]
D =
[1 0 0]
[0 1 0]
[0 0 1]
T =
[ 1 -2 -4]
[ 0  0  0]
[ 0  0  0]
=============
M =
[ 4  7  4]
[-2 -4 -3]
[ 1  3  3]
D =
[1 0 0]
[0 1 0]
[0 0 1]
T =
[1 2 1]
[0 0 0]
[0 0 0]
=============
M =
[ 8 -4  3]
[ 9 -4  4]
[-5  3 -1]
D =
[1 0 0]
[0 1 0]
[0 0 1]
T =
[ 2 -1  1]
[ 0  0  0]
[ 0  0  0]
=============
M =
[-2  1  3]
[ 0 -2 -1]
[-1  0  1]
D =
[-1  0  0]
[ 0 -1  0]
[ 0  0 -1]
T =
[ 1  1 -1]
[ 0  0  0]
[ 0  0  0]
=============
M =
[ 1  1 -1]
[ 1  3 -2]
[ 1  2 -1]
D =
[1 0 0]
[0 1 0]
[0 0 1]
T =
[ 0  1 -1]
[ 0  0  0]
[ 0  0  0]
=============
M =
[-5  5  4]
[-4  3  0]
[ 1 -1 -1]
D =
[-1  0  0]
[ 0 -1  0]
[ 0  0 -1]
T =
[0 1 4]
[0 0 0]
[0 0 0]
=============
M =
[ 1  1  4]
[-4  1  0]
[ 1  0  1]
D =
[1 0 0]
[0 1 0]
[0 0 1]
T =
[0 1 4]
[0 0 0]
[0 0 0]
=============
M =
[-3 -2  1]
[ 2  1 -1]
[-1 -1 -1]
D =
[-1  0  0]
[ 0 -1  0]
[ 0  0 -1]
T =
[1 1 0]
[0 0 0]
[0 0 0]
=============
M =
[ 4 -2 -1]
[ 5 -2 -1]
[-2  1  1]
D =
[1 0 0]
[0 1 0]
[0 0 1]
T =
[ 1 -1 -1]
[ 0  0  0]
[ 0  0  0]
=============
M =
[-1  0  8]
[ 2  2 -5]
[-1 -1  2]
D =
[1 0 0]
[0 1 0]
[0 0 1]
T =
[1 2 2]
[0 0 0]
[0 0 0]
=============
M =
[ 5 -6  5]
[ 2 -2  3]
[-2  3  0]
D =
[1 0 0]
[0 1 0]
[0 0 1]
T =
[ 2 -3  1]
[ 0  0  0]
[ 0  0  0]
=============
M =
[-5  7 -4]
[-4  3  0]
[-3  3 -1]
D =
[-1  0  0]
[ 0 -1  0]
[ 0  0 -1]
T =
[ 0  3 -4]
[ 0  0  0]
[ 0  0  0]
=============
M =
[-2  7 -5]
[ 1  0  1]
[ 3 -5  5]
D =
[1 0 0]
[0 1 0]
[0 0 1]
T =
[ 1 -3  2]
[ 0  0  0]
[ 0  0  0]
=============
M =
[ 2 -1  4]
[-2  3 -5]
[-1  1 -2]
D =
[1 0 0]
[0 1 0]
[0 0 1]
T =
[ 1 -1  3]
[ 0  0  0]
[ 0  0  0]
=============
M =
[ 6  3  4]
[-5 -2 -4]
[-3 -2 -1]
D =
[1 0 0]
[0 1 0]
[0 0 1]
T =
[1 1 0]
[0 0 0]
[0 0 0]
=============
M =
[ 0  1 -3]
[ 1  0  1]
[ 1 -1  3]
D =
[1 0 0]
[0 1 0]
[0 0 1]
T =
[ 1 -1  2]
[ 0  0  0]
[ 0  0  0]
=============
M =
[ 3  1 -2]
[ 6  3 -4]
[ 5  2 -3]
D =
[1 0 0]
[0 1 0]
[0 0 1]
T =
[ 2  1 -2]
[ 0  0  0]
[ 0  0  0]
=============
M =
[ 3  7  4]
[-1 -3 -1]
[-2 -3 -3]
D =
[-1  0  0]
[ 0 -1  0]
[ 0  0 -1]
T =
[1 2 1]
[0 0 0]
[0 0 0]
=============
M =
[ 4 -3  4]
[-1  1 -1]
[-3  0 -2]
D =
[1 0 0]
[0 1 0]
[0 0 1]
T =
[ 0  3 -1]
[ 0  0  0]
[ 0  0  0]
------------------------ New data for 2022/05/30 11:52:23 ------------------------
=============
M =
[-4 -6  3]
[-3 -5  3]
[-4 -8  3]
D =
[-1  0  0]
[ 0 -2  0]
[ 0  0 -3]
T =
[ 4  0 -3]
[ 3  2 -3]
[ 1  1 -1]
=============
M =
[ 5  4 -2]
[-7 -6  2]
[ 1  1 -1]
D =
[ 1  0  0]
[ 0 -1  0]
[ 0  0 -2]
T =
[ 2  1 -1]
[ 1  1  1]
[ 1  1  0]
=============
M =
[ 7  2 -4]
[-8 -3  4]
[ 8  2 -5]
D =
[ 1  0  0]
[ 0 -1  0]
[ 0  0 -1]
T =
[ 4  1 -2]
[ 1  1  0]
[ 1  0 -1]
=============
M =
[ 0 -2  4]
[ 3  5 -6]
[ 3  2  1]
D =
[3 0 0]
[0 2 0]
[0 0 1]
T =
[ 2  1  1]
[ 3  2  0]
[ 3  2 -1]
=============
M =
[-2 -1 -1]
[-1 -2 -1]
[ 1  1  0]
D =
[-1  0  0]
[ 0 -1  0]
[ 0  0 -2]
T =
[ 1 -1  0]
[ 1  0  1]
[ 1  1  1]
=============
M =
[-3 -2 -3]
[-2 -3 -3]
[ 2  2  2]
D =
[-1  0  0]
[ 0 -1  0]
[ 0  0 -2]
T =
[ 1 -1  0]
[ 1  0  1]
[ 2  2  3]
=============
M =
[-1 -1  1]
[-1 -1 -1]
[ 5  7  3]
D =
[ 2  0  0]
[ 0  1  0]
[ 0  0 -2]
T =
[1 2 1]
[1 3 1]
[1 1 0]
=============
M =
[ 3  6 -8]
[ 4  5 -8]
[ 4  6 -9]
D =
[ 1  0  0]
[ 0 -1  0]
[ 0  0 -1]
T =
[ 2  3 -4]
[ 1 -1  0]
[ 1  0 -1]
=============
M =
[ 4 -3 -3]
[ 3 -2 -3]
[-1  1  2]
D =
[2 0 0]
[0 1 0]
[0 0 1]
T =
[ 1 -1 -1]
[ 1 -1  0]
[ 1  0  3]
=============
M =
[-1  3  3]
[ 3 -1 -3]
[-3  3  5]
D =
[ 2  0  0]
[ 0  2  0]
[ 0  0 -1]
T =
[ 1  1  0]
[ 1  0 -1]
[ 1 -1 -1]
=============
M =
[-1  6 -2]
[ 2 -5  2]
[ 6 -6  3]
D =
[ 1  0  0]
[ 0 -1  0]
[ 0  0 -3]
T =
[ 1  1  0]
[ 1  3 -1]
[ 0  3 -1]
=============
M =
[-1  1  3]
[ 3  1  9]
[-1 -1 -5]
D =
[-1  0  0]
[ 0 -2  0]
[ 0  0 -2]
T =
[ 1  1  3]
[ 3 -1  0]
[ 1  0  1]
=============
M =
[-1 -2 -4]
[ 2 -6 -8]
[-1  2  2]
D =
[-1  0  0]
[ 0 -2  0]
[ 0  0 -2]
T =
[ 1 -2 -4]
[ 2 -1  0]
[ 1  0  1]
=============
M =
[-7  4  4]
[-4  7 -2]
[-4  4  1]
D =
[ 3  0  0]
[ 0  1  0]
[ 0  0 -3]
T =
[ 0  1 -1]
[ 1  2 -4]
[ 1  0 -1]
=============
M =
[ 2 -1  4]
[ 4 -3  4]
[ 1 -1 -1]
D =
[ 1  0  0]
[ 0 -1  0]
[ 0  0 -2]
T =
[ 2 -1  2]
[ 1 -1  1]
[ 1 -1  0]
=============
M =
[ 2  8 -8]
[ 1  3 -2]
[ 1  5 -4]
D =
[ 2  0  0]
[ 0  1  0]
[ 0  0 -2]
T =
[ 1  2 -2]
[ 1  1 -2]
[ 0  1 -1]
=============
M =
[ 5  2 -4]
[-8 -5  8]
[-2 -2  3]
D =
[ 3  0  0]
[ 0  1  0]
[ 0  0 -1]
T =
[ 2  1 -2]
[ 1  1 -2]
[ 1  1 -1]
=============
M =
[-1  2  4]
[-7  0  6]
[ 2  2  1]
D =
[ 2  0  0]
[ 0  1  0]
[ 0  0 -3]
T =
[ 1 -1 -2]
[ 3 -2 -4]
[ 1  0 -1]
=============
M =
[ 1 -2  2]
[-2 -2  4]
[-5  2  0]
D =
[ 2  0  0]
[ 0 -1  0]
[ 0  0 -2]
T =
[ 2 -1  0]
[ 3 -2  2]
[ 1 -1  1]
=============
M =
[ 5  6  6]
[-3 -4 -6]
[ 1  2  4]
D =
[2 0 0]
[0 2 0]
[0 0 1]
T =
[ 1  1  0]
[ 1  0 -3]
[ 1  2  2]
=============
M =
[-3  4 -4]
[ 2 -5  4]
[ 2 -4  3]
D =
[-1  0  0]
[ 0 -1  0]
[ 0  0 -3]
T =
[ 1  1  0]
[ 1  0  1]
[ 1 -2  2]
=============
M =
[-3  2  4]
[-8  7  0]
[-2  2 -1]
D =
[ 3  0  0]
[ 0  1  0]
[ 0  0 -1]
T =
[ 1 -1  1]
[ 1 -1  2]
[ 0  1 -4]
=============
M =
[-5 -2 -8]
[-4 -3 -8]
[ 4  2  7]
D =
[ 1  0  0]
[ 0 -1  0]
[ 0  0 -1]
T =
[ 2  1  4]
[ 1 -1  0]
[ 1  0  1]
=============
M =
[ 6 -6 -4]
[-2 -1  2]
[ 8 -6 -6]
D =
[ 2  0  0]
[ 0 -1  0]
[ 0  0 -2]
T =
[ 3 -2 -2]
[ 2 -1 -2]
[ 1  0 -1]
=============
M =
[-1  8 -8]
[ 2  1 -4]
[ 2  0 -3]
D =
[ 1  0  0]
[ 0 -1  0]
[ 0  0 -3]
T =
[ 0  1 -1]
[ 1 -4  4]
[ 1 -2  1]
=============
M =
[-1  0 -6]
[ 4  2  8]
[ 4  3  1]
D =
[ 2  0  0]
[ 0  1  0]
[ 0  0 -1]
T =
[ 4  3  0]
[ 4  3 -1]
[ 1  1 -1]
=============
M =
[ 5  2  0]
[-9 -2 -6]
[-3 -1 -1]
D =
[ 2  0  0]
[ 0  1  0]
[ 0  0 -1]
T =
[ 1  1 -2]
[ 0  1 -3]
[ 1  0  2]
=============
M =
[-7 -6 -6]
[ 1  0  2]
[ 8  8  6]
D =
[ 2  0  0]
[ 0 -1  0]
[ 0  0 -2]
T =
[1 1 1]
[3 2 2]
[2 2 1]
=============
M =
[ 1  4  4]
[-4 -7 -4]
[ 4  4  1]
D =
[ 1  0  0]
[ 0 -3  0]
[ 0  0 -3]
T =
[ 1  1  1]
[ 1  1  0]
[ 1  0 -1]
=============
M =
[-2  6  6]
[-3  7  6]
[ 3 -6 -5]
D =
[ 1  0  0]
[ 0  1  0]
[ 0  0 -2]
T =
[ 1 -1  0]
[ 1  0  1]
[ 1 -2 -2]
=============
M =
[ 0  6 -4]
[-1 -1  4]
[-1  0  3]
D =
[ 2  0  0]
[ 0  1  0]
[ 0  0 -1]
T =
[ 1  2 -4]
[ 1  3 -4]
[ 0  1 -1]
=============
M =
[ 2  5  2]
[-3 -6 -2]
[ 2  3  0]
D =
[-1  0  0]
[ 0 -1  0]
[ 0  0 -2]
T =
[1 1 0]
[0 0 0]
[1 2 1]
=============
M =
[ 2 -1  1]
[ 8 -1 -4]
[ 3 -1  0]
D =
[ 1  0  0]
[ 0  1  0]
[ 0  0 -1]
T =
[ 1  1 -3]
[ 0  0  0]
[ 1  0 -1]
=============
M =
[ 2 -1  2]
[ 3 -2  6]
[ 1 -1  3]
D =
[1 0 0]
[0 1 0]
[0 0 1]
T =
[ 3 -1  0]
[ 1  0 -1]
[ 0  0  0]
=============
M =
[-2 -3 -3]
[ 1  1  3]
[-1 -2 -4]
D =
[-1  0  0]
[ 0 -2  0]
[ 0  0 -2]
T =
[0 1 1]
[1 3 3]
[0 0 0]
=============
M =
[-5 -2 -6]
[ 6  2  3]
[ 2  1  4]
D =
[ 1  0  0]
[ 0  1  0]
[ 0  0 -1]
T =
[2 1 3]
[0 0 0]
[3 1 3]
=============
M =
[-1  1  1]
[-2  2  1]
[-2  1  2]
D =
[1 0 0]
[0 1 0]
[0 0 1]
T =
[ 1 -1  0]
[ 1  0 -1]
[ 0  0  0]
=============
M =
[ 5  6  5]
[-3 -4 -4]
[ 2  4  4]
D =
[2 0 0]
[0 2 0]
[0 0 1]
T =
[2 4 3]
[0 0 0]
[1 2 1]
=============
M =
[ 3  4 -4]
[ 5  3 -6]
[ 6  4 -7]
D =
[ 1  0  0]
[ 0  1  0]
[ 0  0 -3]
T =
[ 1  2 -2]
[ 0  0  0]
[ 1  0 -1]
=============
M =
[-4 -6  4]
[ 7  9 -5]
[ 4  4 -1]
D =
[2 0 0]
[0 1 0]
[0 0 1]
T =
[ 1  2 -2]
[ 2  2 -1]
[ 0  0  0]
=============
M =
[-1 -8  4]
[ 1  4 -1]
[ 1  5 -2]
D =
[ 1  0  0]
[ 0  1  0]
[ 0  0 -1]
T =
[ 1  1  1]
[ 0  0  0]
[ 0  1 -1]
=============
M =
[-5 -4  8]
[ 3  2 -9]
[ 1  1 -4]
D =
[-1  0  0]
[ 0 -3  0]
[ 0  0 -3]
T =
[ 0  1 -3]
[ 1  1 -1]
[ 0  0  0]
=============
M =
[ 5  6  8]
[-2 -3 -8]
[-1 -1  3]
D =
[ 3  0  0]
[ 0  3  0]
[ 0  0 -1]
T =
[1 1 0]
[0 0 0]
[1 2 2]
=============
M =
[-3 -9  6]
[ 4  1 -4]
[ 0 -8  3]
D =
[ 3  0  0]
[ 0 -1  0]
[ 0  0 -1]
T =
[ 2  3 -3]
[ 2  1 -2]
[ 0  0  0]
=============
M =
[-1  2 -2]
[-1  2 -1]
[ 1 -1  2]
D =
[1 0 0]
[0 1 0]
[0 0 1]
T =
[ 1 -2  0]
[ 1  0  2]
[ 0  0  0]
=============
M =
[ 2  1  1]
[ 0  3  4]
[-1 -3 -4]
D =
[ 1  0  0]
[ 0  1  0]
[ 0  0 -1]
T =
[1 1 1]
[0 0 0]
[1 2 3]
=============
M =
[-9 -4  4]
[ 4 -1  0]
[-5 -4  3]
D =
[-1  0  0]
[ 0 -3  0]
[ 0  0 -3]
T =
[ 4  3 -4]
[ 3  2 -2]
[ 0  0  0]
=============
M =
[ 2 -1 -4]
[-3  4  8]
[ 2 -2 -5]
D =
[ 1  0  0]
[ 0  1  0]
[ 0  0 -1]
T =
[ 1 -1 -2]
[ 0  0  0]
[ 1 -1 -3]
=============
M =
[-3  1  1]
[-2 -6 -5]
[ 2  3  2]
D =
[-1  0  0]
[ 0 -3  0]
[ 0  0 -3]
T =
[1 2 3]
[0 1 1]
[0 0 0]
=============
M =
[ 2  1  1]
[-6 -3 -2]
[ 5  3  2]
D =
[ 1  0  0]
[ 0  1  0]
[ 0  0 -1]
T =
[1 1 1]
[0 0 0]
[2 1 0]
=============
M =
[-3 -2  0]
[ 6  5  4]
[-1 -1 -1]
D =
[ 1  0  0]
[ 0  1  0]
[ 0  0 -1]
T =
[ 1  1  2]
[ 0  0  0]
[ 1  0 -2]
=============
M =
[-2  3 -9]
[-3 -5  9]
[-1 -2  4]
D =
[ 1  0  0]
[ 0 -2  0]
[ 0  0 -2]
T =
[ 0  1 -3]
[ 1 -1  3]
[ 0  0  0]
=============
M =
[ 6 -9  9]
[-2  7 -6]
[-3  7 -6]
D =
[3 0 0]
[0 3 0]
[0 0 1]
T =
[ 1 -3  3]
[ 0  0  0]
[ 1 -2  3]
=============
M =
[ 4 -3  3]
[ 5 -4  5]
[ 2 -2  3]
D =
[1 0 0]
[0 1 0]
[0 0 1]
T =
[ 5 -3  0]
[ 2  0 -3]
[ 0  0  0]
=============
M =
[-6 -6  7]
[ 4  5 -4]
[ 1  2  0]
D =
[ 1  0  0]
[ 0  1  0]
[ 0  0 -3]
T =
[ 1  2 -1]
[ 0  0  0]
[ 1  1 -1]
=============
M =
[ 7  8 -8]
[-5 -6  7]
[ 1  1  0]
D =
[ 1  0  0]
[ 0  1  0]
[ 0  0 -1]
T =
[ 1  1 -1]
[ 0  0  0]
[ 3  4 -4]
=============
M =
[ 3 -2 -2]
[ 3 -2 -3]
[-1  1  2]
D =
[1 0 0]
[0 1 0]
[0 0 1]
T =
[ 3 -2  0]
[ 1  0  2]
[ 0  0  0]
=============
M =
[-1  0 -1]
[ 4  3  0]
[ 4  4 -1]
D =
[ 1  0  0]
[ 0  1  0]
[ 0  0 -1]
T =
[ 2  2 -1]
[ 0  0  0]
[ 0  1 -1]
=============
M =
[ 5  5  1]
[-3 -2 -2]
[-3 -4  0]
D =
[ 2  0  0]
[ 0  2  0]
[ 0  0 -1]
T =
[ 0  1 -1]
[ 0  0  0]
[ 1  1  1]
=============
M =
[ 0 -1 -3]
[-2 -1 -6]
[ 1  1  4]
D =
[1 0 0]
[0 1 0]
[0 0 1]
T =
[ 2 -1  0]
[ 1  0  1]
[ 0  0  0]
=============
M =
[-5  0  2]
[ 3  5  3]
[-6 -4 -1]
D =
[ 1  0  0]
[ 0 -1  0]
[ 0  0 -1]
T =
[ 1 -2 -2]
[ 3 -2 -3]
[ 0  0  0]
=============
M =
[ 3  2  2]
[-3 -2 -3]
[ 1  1  2]
D =
[1 0 0]
[0 1 0]
[0 0 1]
T =
[ 3  2  0]
[ 1  0 -2]
[ 0  0  0]
=============
M =
[-5 -3 -5]
[-2 -4 -3]
[ 6  9  8]
D =
[ 1  0  0]
[ 0 -1  0]
[ 0  0 -1]
T =
[1 3 2]
[0 3 1]
[0 0 0]
=============
M =
[-1 -1 -8]
[-4  3 -8]
[ 0  1  3]
D =
[3 0 0]
[0 1 0]
[0 0 1]
T =
[ 1 -1  1]
[ 2 -1  4]
[ 0  0  0]
=============
M =
[ 8  9 -1]
[-5 -6  1]
[ 4  4 -1]
D =
[ 3  0  0]
[ 0 -1  0]
[ 0  0 -1]
T =
[ 1  1  0]
[ 1  1 -1]
[ 0  0  0]
=============
M =
[ 3  6 -5]
[ 1  3 -2]
[ 2  4 -3]
D =
[1 0 0]
[0 1 0]
[0 0 1]
T =
[ 0  2 -1]
[ 0  0  0]
[ 0  0  0]
=============
M =
[-3  1  5]
[ 1 -2 -3]
[-1  1  2]
D =
[-1  0  0]
[ 0 -1  0]
[ 0  0 -1]
T =
[0 1 1]
[0 0 0]
[0 0 0]
=============
M =
[ 1 -3  6]
[-2  0  5]
[-2  1  2]
D =
[1 0 0]
[0 1 0]
[0 0 1]
T =
[ 2 -3  3]
[ 0  0  0]
[ 0  0  0]
=============
M =
[-4  2  1]
[-5  2  1]
[ 2 -1 -1]
D =
[-1  0  0]
[ 0 -1  0]
[ 0  0 -1]
T =
[ 1 -1 -1]
[ 0  0  0]
[ 0  0  0]
=============
M =
[-3  8 -2]
[-2  5 -1]
[-1  2  1]
D =
[1 0 0]
[0 1 0]
[0 0 1]
T =
[ 1 -2  0]
[ 0  0  0]
[ 0  0  0]
=============
M =
[ 0  3 -4]
[-1 -4  4]
[-1 -2  1]
D =
[-1  0  0]
[ 0 -1  0]
[ 0  0 -1]
T =
[1 1 0]
[0 0 0]
[0 0 0]
=============
M =
[-5  9  9]
[-1  3  2]
[-3  4  5]
D =
[1 0 0]
[0 1 0]
[0 0 1]
T =
[ 2 -3 -3]
[ 0  0  0]
[ 0  0  0]
=============
M =
[-1  1 -5]
[ 2 -1  7]
[ 0 -2  5]
D =
[1 0 0]
[0 1 0]
[0 0 1]
T =
[ 2  2 -1]
[ 0  0  0]
[ 0  0  0]
=============
M =
[-5 -2 -5]
[ 3 -1  6]
[ 2  0  3]
D =
[-1  0  0]
[ 0 -1  0]
[ 0  0 -1]
T =
[ 0  2 -3]
[ 0  0  0]
[ 0  0  0]
=============
M =
[-1  6 -7]
[ 0  1 -1]
[ 1 -3  3]
D =
[1 0 0]
[0 1 0]
[0 0 1]
T =
[ 1 -3  2]
[ 0  0  0]
[ 0  0  0]
=============
M =
[-7 -9 -6]
[ 7  8  5]
[-5 -6 -4]
D =
[-1  0  0]
[ 0 -1  0]
[ 0  0 -1]
T =
[1 3 3]
[0 0 0]
[0 0 0]
=============
M =
[-1 -1 -3]
[ 1  1  2]
[ 1  0  3]
D =
[1 0 0]
[0 1 0]
[0 0 1]
T =
[ 0  1 -1]
[ 0  0  0]
[ 0  0  0]
=============
M =
[ 2  0 -1]
[ 2 -1  2]
[ 1 -1  2]
D =
[1 0 0]
[0 1 0]
[0 0 1]
T =
[ 0  1 -2]
[ 0  0  0]
[ 0  0  0]
=============
M =
[ 4 -5 -1]
[ 2 -2 -1]
[ 1 -2  1]
D =
[1 0 0]
[0 1 0]
[0 0 1]
T =
[ 1 -1 -1]
[ 0  0  0]
[ 0  0  0]
=============
M =
[-2 -1  4]
[ 0 -2  1]
[-1  1  1]
D =
[-1  0  0]
[ 0 -1  0]
[ 0  0 -1]
T =
[ 1 -2 -1]
[ 0  0  0]
[ 0  0  0]
=============
M =
[-3  1  9]
[ 2 -2 -9]
[-1  0  2]
D =
[-1  0  0]
[ 0 -1  0]
[ 0  0 -1]
T =
[1 1 0]
[0 0 0]
[0 0 0]
=============
M =
[ 1 -1  0]
[ 1 -1 -1]
[-4  3 -3]
D =
[-1  0  0]
[ 0 -1  0]
[ 0  0 -1]
T =
[ 3 -2  1]
[ 0  0  0]
[ 0  0  0]
=============
M =
[-5  4  3]
[-3  2  2]
[-1  1  0]
D =
[-1  0  0]
[ 0 -1  0]
[ 0  0 -1]
T =
[ 1 -1 -1]
[ 0  0  0]
[ 0  0  0]
=============
M =
[ 4 -3 -7]
[ 1  0 -3]
[ 1 -1 -1]
D =
[1 0 0]
[0 1 0]
[0 0 1]
T =
[ 1 -1 -2]
[ 0  0  0]
[ 0  0  0]
=============
M =
[-1  0  1]
[-1 -2 -2]
[ 1  1  0]
D =
[-1  0  0]
[ 0 -1  0]
[ 0  0 -1]
T =
[1 1 1]
[0 0 0]
[0 0 0]
=============
M =
[-1 -2 -1]
[ 4  5  2]
[-6 -5 -1]
D =
[1 0 0]
[0 1 0]
[0 0 1]
T =
[2 1 0]
[0 0 0]
[0 0 0]
=============
M =
[ 4  1  3]
[ 3 -2  0]
[-4  4  1]
D =
[1 0 0]
[0 1 0]
[0 0 1]
T =
[0 4 3]
[0 0 0]
[0 0 0]
=============
M =
[-2 -1 -8]
[ 1  1  3]
[ 1  0  4]
D =
[1 0 0]
[0 1 0]
[0 0 1]
T =
[ 0  1 -1]
[ 0  0  0]
[ 0  0  0]
=============
M =
[ 0 -3  2]
[-3  2 -2]
[-5  6 -5]
D =
[-1  0  0]
[ 0 -1  0]
[ 0  0 -1]
T =
[ 1 -3  2]
[ 0  0  0]
[ 0  0  0]
=============
M =
[-3 -4 -8]
[-3 -5 -8]
[ 2  3  5]
D =
[-1  0  0]
[ 0 -1  0]
[ 0  0 -1]
T =
[1 2 4]
[0 0 0]
[0 0 0]
=============
M =
[-3 -6  1]
[ 3  7 -3]
[ 2  4 -1]
D =
[1 0 0]
[0 1 0]
[0 0 1]
T =
[ 0  2 -3]
[ 0  0  0]
[ 0  0  0]
=============
M =
[-2 -7  4]
[ 0  3  1]
[-1 -3  2]
D =
[1 0 0]
[0 1 0]
[0 0 1]
T =
[ 1 -1 -3]
[ 0  0  0]
[ 0  0  0]
=============
M =
[-3 -2  3]
[ 1  1 -1]
[-6 -4  5]
D =
[1 0 0]
[0 1 0]
[0 0 1]
T =
[ 2  2 -1]
[ 0  0  0]
[ 0  0  0]
=============
M =
[ 0 -1  1]
[ 1  3 -3]
[ 1  1  0]
D =
[1 0 0]
[0 1 0]
[0 0 1]
T =
[1 0 1]
[0 0 0]
[0 0 0]
=============
M =
[-2 -1  1]
[ 3  2  1]
[-3 -1  3]
D =
[1 0 0]
[0 1 0]
[0 0 1]
T =
[ 3  1 -2]
[ 0  0  0]
[ 0  0  0]
=============
M =
[-1 -2 -5]
[-3  1  8]
[ 2  0 -3]
D =
[-1  0  0]
[ 0 -1  0]
[ 0  0 -1]
T =
[2 2 3]
[0 0 0]
[0 0 0]
=============
M =
[-5 -3 -2]
[ 7  4  3]
[-3 -2 -2]
D =
[-1  0  0]
[ 0 -1  0]
[ 0  0 -1]
T =
[1 1 1]
[0 0 0]
[0 0 0]
=============
M =
[-2 -3 -1]
[ 2  1  2]
[ 3  0  4]
D =
[1 0 0]
[0 1 0]
[0 0 1]
T =
[ 0  3 -2]
[ 0  0  0]
[ 0  0  0]
=============
M =
[-2 -1 -1]
[ 7  3  3]
[ 3  1  2]
D =
[1 0 0]
[0 1 0]
[0 0 1]
T =
[1 0 1]
[0 0 0]
[0 0 0]
